0 125
1 125
2 131
3 107
4 121
5 125
6 125
7 121
8 125
9 121
10 125
11 240
12 125
13 124
14 125
15 171
16 125
17 125
18 159
19 132
20 125
21 125
22 125
23 125
24 43
25 125
26 125
27 99
28 43
29 125
30 145
31 113
32 152
33 197
34 113
35 43
36 99
37 93
38 125
39 125
40 124
41 125
42 125
43 125
44 124
45 27
46 125
47 125
48 125
49 60
50 125
51 125
52 84
53 74
54 125
55 125
56 125
57 234
58 125
59 125
60 125
61 104
62 125
63 125
64 125
65 104
66 125
67 42
68 124
69 125
70 125
71 125
72 125
73 125
74 125
75 107
76 50
77 68
78 125
79 103
80 125
81 124
82 125
83 125
84 125
85 125
86 227
87 125
88 123
89 125
90 122
91 86
92 86
93 231
94 180
95 125
96 35
97 198
98 125
99 178
100 125
101 125
102 33
103 123
104 100
105 165
106 10
107 125
108 125
109 184
110 125
111 221
112 199
113 125
114 235
115 125
116 121
117 68
118 125
119 119
120 125
121 83
122 83
123 76
124 76
125 76
126 125
127 125
128 100
129 125
130 125
131 125
132 108
133 125
134 125
135 125
136 125
137 125
138 125
139 258
140 122
141 153
142 108
143 108
144 83
145 125
146 125
147 69
148 125
149 125
150 103
151 103
152 200
153 222
154 125
155 211
156 125
157 60
158 60
159 14
160 125
161 246
162 34
163 41
164 40
165 125
166 125
167 125
168 125
169 65
170 36
171 125
172 169
173 71
174 125
175 125
176 72
177 125
178 89
179 245
180 241
181 185
182 93
183 78
184 239
185 206
186 125
187 125
188 125
189 181
190 125
191 100
192 125
193 125
194 72
195 230
196 125
197 125
198 125
199 252
200 72
201 72
202 6
203 7
204 112
205 125
206 125
207 89
208 89
209 90
210 216
211 93
212 93
213 209
214 186
215 125
216 125
217 126
218 89
219 89
220 249
221 93
222 93
223 93
224 71
225 54
226 54
227 54
228 188
229 93
230 93
231 89
232 93
233 89
234 55
235 112
236 125
237 189
238 139
239 154
240 210
241 125
242 125
243 125
244 140
245 88
246 88
247 125
248 125
249 125
250 125
251 125
252 125
253 125
254 125
255 125
256 248
257 125
258 125
259 215
260 124
261 124
262 124
263 125
264 142
265 84
266 16
267 81
268 125
269 82
270 125
271 40
272 102
273 162
274 67
275 134
276 67
277 107
278 63
279 64
280 107
281 83
282 83
283 107
284 256
285 106
286 149
287 244
288 125
289 125
290 238
291 51
292 93
293 38
294 125
295 107
296 38
297 125
298 125
299 102
300 250
301 125
302 83
303 107
304 121
305 76
306 127
307 107
308 214
309 94
310 120
311 143
312 232
313 15
314 15
315 15
316 125
317 125
318 15
319 133
320 14
321 128
322 125
323 257
324 125
325 125
326 125
327 125
328 125
329 228
330 125
331 125
332 98
333 125
334 125
335 125
336 125
337 110
338 8
339 87
340 9
341 87
342 125
343 196
344 108
345 125
346 98
347 98
348 108
349 108
350 125
351 108
352 108
353 125
354 108
355 120
356 54
357 54
358 125
359 125
360 125
361 147
362 125
363 125
364 177
365 125
366 125
367 125
368 125
369 125
370 125
371 27
372 26
373 125
374 195
375 26
376 125
377 125
378 125
379 125
380 125
381 125
382 125
383 80
384 80
385 125
386 16
387 144
388 125
389 125
390 155
391 125
392 125
393 190
394 79
395 79
396 242
397 120
398 37
399 37
400 125
401 32
402 32
403 111
404 125
405 125
406 192
407 187
408 125
409 125
410 125
411 120
412 109
413 125
414 163
415 85
416 85
417 109
418 224
419 104
420 104
421 135
422 125
423 125
424 125
425 125
426 125
427 125
428 182
429 138
430 125
431 94
432 156
433 212
434 95
435 93
436 93
437 125
438 125
439 125
440 125
441 105
442 54
443 53
444 53
445 93
446 125
447 12
448 168
449 166
450 75
451 75
452 13
453 75
454 75
455 89
456 213
457 56
458 52
459 218
460 95
461 125
462 125
463 125
464 125
465 125
466 95
467 122
468 93
469 122
470 93
471 93
472 31
473 119
474 164
475 29
476 89
477 89
478 39
479 49
480 125
481 125
482 121
483 201
484 125
485 70
486 125
487 125
488 125
489 125
490 70
491 70
492 125
493 121
494 118
495 118
496 125
497 125
498 125
499 136
500 125
501 125
502 125
503 125
504 125
505 160
506 125
507 125
508 125
509 1
510 125
511 254
512 2
513 54
514 22
515 125
516 137
517 125
518 125
519 125
520 125
521 125
522 125
523 219
524 125
525 243
526 21
527 125
528 125
529 125
530 125
531 157
532 87
533 87
534 108
535 108
536 105
537 69
538 255
539 104
540 104
541 125
542 117
543 125
544 125
545 117
546 124
547 54
548 59
549 52
550 125
551 125
552 223
553 207
554 125
555 125
556 125
557 208
558 125
559 116
560 125
561 116
562 120
563 105
564 125
565 125
566 110
567 4
568 125
569 125
570 125
571 124
572 125
573 124
574 124
575 125
576 125
577 125
578 125
579 110
580 125
581 111
582 125
583 125
584 125
585 125
586 104
587 104
588 125
589 172
590 97
591 97
592 124
593 28
594 125
595 173
596 18
597 18
598 125
599 125
600 125
601 125
602 125
603 170
604 119
605 174
606 24
607 125
608 24
609 125
610 125
611 44
612 175
613 17
614 19
615 125
616 125
617 125
618 141
619 125
620 125
621 125
622 115
623 115
624 125
625 125
626 119
627 119
628 125
629 101
630 125
631 125
632 101
633 148
634 125
635 23
636 23
637 119
638 125
639 125
640 125
641 125
642 125
643 17
644 247
645 83
646 107
647 83
648 203
649 106
650 107
651 107
652 48
653 47
654 47
655 107
656 125
657 125
658 125
659 220
660 125
661 89
662 237
663 89
664 93
665 125
666 125
667 125
668 125
669 42
670 96
671 93
672 89
673 78
674 89
675 125
676 125
677 125
678 125
679 125
680 125
681 89
682 89
683 89
684 89
685 91
686 89
687 146
688 89
689 125
690 21
691 176
692 183
693 125
694 125
695 125
696 150
697 125
698 125
699 125
700 125
701 202
702 125
703 125
704 125
705 125
706 125
707 125
708 204
709 66
710 3
711 3
712 125
713 226
714 71
715 69
716 71
717 125
718 125
719 125
720 62
721 125
722 125
723 62
724 125
725 125
726 125
727 125
728 191
729 179
730 125
731 29
732 30
733 54
734 54
735 69
736 217
737 251
738 120
739 120
740 105
741 125
742 125
743 105
744 54
745 54
746 54
747 73
748 73
749 74
750 73
751 84
752 125
753 40
754 125
755 40
756 125
757 253
758 86
759 40
760 125
761 125
762 114
763 229
764 114
765 151
766 120
767 85
768 120
769 74
770 39
771 85
772 74
773 84
774 120
775 120
776 45
777 73
778 74
779 46
780 158
781 125
782 125
783 125
784 125
785 65
786 236
787 11
788 125
789 125
790 125
791 125
792 125
793 125
794 125
795 104
796 92
797 125
798 92
799 58
800 54
801 54
802 57
803 40
804 70
805 125
806 125
807 125
808 125
809 125
810 5
811 76
812 125
813 125
814 54
815 54
816 120
817 54
818 54
819 125
820 125
821 120
822 125
823 125
824 25
825 205
826 125
827 54
828 125
829 125
830 125
831 125
832 125
833 193
834 125
835 125
836 25
837 125
838 125
839 125
840 125
841 61
842 125
843 125
844 61
845 100
846 129
847 125
848 125
849 130
850 125
851 125
852 125
853 125
854 125
855 125
856 125
857 125
858 125
859 125
860 125
861 125
862 125
863 125
864 125
865 125
866 125
867 125
868 233
869 125
870 20
871 20
872 125
873 125
874 125
875 125
876 161
877 225
878 125
879 49
880 77
881 125
882 125
883 125
884 125
885 125
886 125
887 125
888 125
889 125
890 125
891 167
892 125
893 125
894 194
895 125
