0 66
1 30
2 34
3 10
4 19
5 30
6 47
7 27
8 48
9 37
10 12
11 45
12 65
13 7
14 52
15 37
16 65
17 32
18 59
19 24
20 35
21 19
22 64
23 56
24 3
25 63
26 56
27 16
28 34
29 56
30 27
31 9
32 42
33 19
34 11
35 69
36 1
37 28
38 16
39 16
40 51
41 29
42 25
43 2
44 33
45 44
46 20
47 58
48 12
49 12
50 11
51 21
52 57
53 62
54 6
55 68
56 9
57 17
58 3
59 1
60 69
61 11
62 11
63 9
64 55
65 28
66 4
67 62
68 14
69 58
70 7
71 5
72 5
73 56
74 61
75 30
76 8
77 15
78 57
79 12
80 16
81 55
82 8
83 67
84 50
85 11
86 25
87 69
88 25
89 49
90 30
91 9
92 17
93 63
94 62
95 6
96 12
97 31
98 41
99 29
100 64
101 43
102 37
103 66
104 60
105 26
106 12
107 59
108 7
109 33
110 45
111 65
112 46
113 13
114 59
115 40
116 39
117 53
118 53
119 53
120 33
121 27
122 18
123 42
124 49
125 42
126 69
127 2
128 65
129 67
130 68
131 11
132 12
133 66
134 33
135 58
136 58
137 5
138 35
139 47
140 53
141 7
142 7
143 13
144 44
145 65
146 16
147 63
148 37
149 3
150 64
151 64
152 43
153 60
154 31
155 42
156 59
157 24
158 24
159 28
160 31
161 38
162 32
163 60
164 60
165 63
166 29
167 59
168 64
169 45
170 56
171 7
172 45
173 45
174 57
175 39
176 36
177 48
178 52
179 55
180 51
181 56
182 33
183 27
184 27
185 9
186 34
187 54
188 21
189 12
190 42
191 19
192 8
193 44
194 32
195 31
196 33
197 30
198 16
199 69
200 22
201 25
202 62
203 33
204 34
205 33
206 9
207 9
208 30
209 21
210 67
211 22
212 3
213 20
214 3
215 10
216 48
217 27
218 34
219 4
220 45
221 52
222 7
223 34
224 12
225 61
226 42
227 37
228 42
229 59
230 28
231 34
232 59
233 38
234 65
235 45
236 41
237 41
238 16
239 16
240 55
241 52
242 55
243 4
244 69
245 1
246 16
247 16
248 11
249 58
250 36
251 5
252 58
253 12
254 66
255 47
256 16
257 45
258 45
259 7
260 52
261 64
262 65
263 37
264 61
265 59
266 24
267 66
268 42
269 59
270 24
271 60
272 38
273 63
274 26
275 33
276 42
277 53
278 27
279 42
280 42
281 48
282 19
283 25
284 25
285 12
286 12
287 34
288 3
289 42
290 7
291 46
292 45
293 66
294 7
295 51
296 53
297 64
298 19
299 26
300 59
301 43
302 31
303 24
304 59
305 34
306 26
307 45
308 44
309 27
310 34
311 1
312 32
313 19
314 29
315 10
316 58
317 12
318 15
319 24
320 66
321 61
322 61
323 59
324 19
325 19
326 20
327 37
328 37
329 37
330 58
331 1
332 1
333 1
334 51
335 46
336 46
337 13
338 35
339 35
340 33
341 66
342 59
343 18
344 25
345 39
346 39
347 39
348 35
349 56
350 23
351 24
352 12
353 12
354 7
355 7
356 60
357 59
358 59
359 59
360 61
361 38
362 38
363 39
364 18
365 44
366 44
367 38
368 7
369 67
370 47
371 47
372 47
373 26
374 65
375 45
376 32
377 19
378 66
379 36
380 34
381 12
382 10
383 16
384 31
385 52
386 2
387 63
388 56
389 9
390 16
391 31
392 7
393 16
394 20
395 44
396 49
397 7
398 59
399 65
400 34
401 9
402 57
403 67
404 6
405 64
406 61
407 69
408 34
409 50
410 59
411 28
412 44
413 44
414 63
415 58
416 9
417 39
418 66
419 6
420 1
421 48
422 42
423 39
424 35
425 59
426 6
427 33
428 36
429 59
430 38
431 56
432 37
433 29
434 66
435 66
436 66
437 66
438 19
439 29
440 19
441 19
442 19
443 12
444 12
445 12
446 31
447 31
448 31
449 31
450 19
451 19
452 19
453 17
454 25
455 42
456 42
457 7
458 7
459 7
460 28
461 22
462 22
463 59
464 66
465 37
466 39
467 35
468 42
469 43
470 43
471 36
472 38
473 35
474 45
475 44
476 44
477 45
478 44
479 64
480 65
481 65
482 2
483 30
484 25
485 65
486 24
487 51
488 51
489 1
490 1
491 33
492 16
493 64
494 65
495 33
496 47
497 47
498 19
499 31
500 60
501 38
502 33
503 7
504 6
505 20
506 64
507 59
508 59
509 61
510 23
511 3
512 66
513 67
514 33
515 34
516 12
517 69
518 62
519 26
520 58
521 52
522 11
523 53
524 52
525 47
526 49
527 60
528 58
529 48
530 56
531 53
532 34
533 57
534 33
535 52
536 13
537 17
538 64
539 12
540 53
541 64
542 55
543 11
544 11
545 39
546 6
547 24
548 9
549 1
550 29
551 47
552 58
553 3
554 16
555 33
556 57
557 28
558 48
559 21
560 66
561 19
562 16
563 24
564 25
565 42
566 61
567 34
568 55
569 40
570 63
571 46
572 2
573 44
574 32
575 38
576 9
577 50
578 35
579 8
580 38
581 12
582 42
583 12
584 50
585 51
586 4
587 10
588 35
589 64
590 64
591 51
592 49
593 66
594 56
595 59
596 42
597 60
598 38
599 46
600 44
601 35
602 37
603 6
604 33
605 19
606 62
607 30
608 30
609 69
610 9
611 2
612 2
613 34
614 57
615 57
616 18
617 18
618 23
619 23
620 28
621 28
622 26
623 8
624 10
625 33
626 33
627 1
628 21
629 21
630 22
631 55
632 48
633 48
634 28
635 34
636 34
637 16
638 16
639 19
640 19
641 17
642 17
643 9
644 9
645 41
646 47
647 47
648 47
649 25
650 19
651 19
652 19
653 58
654 56
655 33
656 25
657 25
658 25
659 24
660 36
661 45
662 52
663 27
664 7
665 65
666 14
667 55
668 5
669 5
670 66
671 66
672 3
673 69
674 69
675 29
676 32
677 36
678 27
679 26
680 26
681 28
682 3
683 15
684 58
685 33
686 11
687 55
688 17
689 53
690 7
691 67
692 67
693 56
694 16
695 24
696 47
697 68
698 67
699 69
700 42
701 9
702 51
703 34
704 33
705 39
706 6
707 52
708 48
709 33
710 8
711 8
712 22
713 22
714 8
715 56
716 28
717 31
718 34
719 24
720 4
721 59
722 56
723 2
724 45
725 44
726 34
727 30
728 49
729 58
730 58
731 11
732 9
733 62
734 19
735 11
736 17
737 13
738 10
739 60
740 3
741 66
742 69
743 67
744 63
745 13
746 63
747 50
748 53
749 49
750 30
751 4
752 69
753 16
754 24
755 22
756 24
757 41
758 59
759 40
760 57
761 27
762 10
763 4
764 49
765 67
766 16
767 42
768 63
769 56
770 20
771 30
772 50
773 30
774 11
775 45
776 28
777 56
778 28
779 51
780 9
781 61
782 50
783 35
784 6
785 33
786 37
787 37
788 46
789 46
790 61
791 59
792 64
793 64
794 64
795 19
796 59
797 59
798 1
799 1
800 1
801 65
802 48
803 11
804 42
805 42
806 69
807 69
808 30
809 7
810 6
811 7
812 7
813 44
814 45
815 45
816 45
817 44
818 39
819 42
820 43
821 38
822 31
823 38
824 42
825 42
826 7
827 7
828 19
829 34
830 66
831 27
832 58
833 58
834 66
835 66
836 59
837 1
838 26
839 34
840 47
841 47
842 47
843 18
844 39
845 16
846 51
847 53
848 64
849 65
850 65
851 60
852 19
853 53
854 28
855 12
856 40
857 38
858 40
859 32
860 6
861 44
862 38
863 23
864 67
865 34
866 17
867 55
868 1
869 34
870 58
871 65
872 16
873 48
874 59
875 24
876 9
877 47
878 27
879 16
880 4
881 50
882 27
883 57
884 32
885 33
886 44
887 16
888 2
889 9
890 24
891 60
892 19
893 18
894 42
895 47
896 66
897 66
898 67
899 1
900 29
901 11
902 39
903 37
904 35
905 18
906 40
907 62
908 64
909 45
910 37
911 11
912 61
913 38
914 59
915 64
916 56
917 63
918 69
919 33
920 35
921 11
922 20
923 39
924 65
925 39
926 69
927 16
928 8
929 25
930 26
931 36
932 51
933 8
934 50
935 44
936 33
937 64
938 19
939 38
940 51
941 44
942 56
943 59
944 35
945 33
946 6
947 4
948 52
949 52
950 33
951 25
952 25
953 56
954 2
955 7
956 7
957 10
958 32
959 59
960 8
961 66
962 66
963 66
964 44
965 44
966 5
967 4
968 4
969 63
970 12
971 12
972 28
973 33
974 33
975 66
976 66
977 44
978 44
979 45
980 44
981 44
982 55
983 16
984 42
985 42
986 34
987 9
988 49
989 47
990 47
991 47
992 67
993 67
994 26
995 48
996 18
997 19
998 18
999 18
1000 31
1001 4
1002 34
1003 34
1004 52
1005 33
1006 9
1007 8
1008 20
1009 28
1010 50
1011 46
1012 36
1013 45
1014 44
1015 63
1016 7
1017 14
1018 14
1019 69
1020 69
1021 29
1022 44
1023 1
1024 58
1025 6
1026 7
1027 6
1028 3
1029 52
1030 53
1031 59
1032 59
1033 53
1034 51
1035 34
1036 50
1037 53
1038 12
1039 62
1040 63
1041 11
1042 65
1043 65
1044 64
1045 33
1046 5
1047 49
1048 12
1049 58
1050 13
1051 56
1052 9
1053 29
1054 43
1055 64
1056 15
1057 20
1058 25
1059 15
1060 23
1061 10
1062 34
1063 26
1064 56
1065 33
1066 50
1067 58
1068 11
1069 16
1070 69
1071 29
1072 12
1073 31
1074 12
1075 61
1076 21
1077 62
1078 3
1079 21
1080 51
1081 22
1082 6
1083 5
1084 56
1085 23
1086 69
1087 17
1088 11
1089 60
1090 56
1091 3
1092 50
1093 20
1094 12
1095 27
1096 56
1097 36
1098 8
1099 50
1100 60
1101 63
1102 55
1103 16
1104 42
1105 64
1106 22
1107 62
1108 53
1109 28
1110 1
1111 15
1112 63
1113 65
1114 16
1115 28
1116 33
1117 16
1118 69
1119 18
1120 34
1121 21
1122 17
1123 31
1124 28
1125 7
1126 35
1127 24
1128 58
1129 56
1130 59
1131 68
1132 34
1133 10
1134 36
1135 55
1136 65
1137 7
1138 62
1139 19
1140 68
1141 34
1142 12
1143 42
1144 45
1145 18
1146 28
1147 35
1148 19
1149 49
1150 37
1151 55
1152 16
1153 10
1154 16
1155 5
1156 69
1157 17
1158 33
1159 61
1160 34
1161 10
1162 66
1163 6
1164 64
1165 30
1166 29
1167 48
1168 44
1169 65
1170 10
1171 7
1172 41
1173 7
1174 1
1175 18
1176 8
1177 9
1178 30
1179 50
1180 30
1181 25
1182 59
1183 34
1184 18
1185 57
1186 57
1187 44
1188 45
1189 8
1190 8
1191 27
1192 27
1193 33
1194 59
1195 59
1196 59
1197 59
1198 66
1199 66
1200 17
1201 34
1202 8
1203 8
1204 52
1205 51
1206 25
1207 25
1208 65
1209 15
1210 17
1211 16
1212 15
1213 16
1214 45
1215 61
1216 18
1217 30
1218 30
1219 22
1220 7
1221 7
1222 6
1223 12
1224 66
1225 20
1226 20
1227 19
1228 66
1229 41
1230 65
1231 1
1232 58
1233 52
1234 16
1235 59
1236 12
1237 18
1238 19
1239 53
1240 23
1241 11
1242 32
1243 65
1244 47
1245 45
1246 49
1247 45
1248 45
1249 56
1250 22
1251 42
1252 59
1253 58
1254 30
1255 33
1256 59
1257 24
1258 49
1259 38
1260 45
1261 29
1262 30
1263 32
1264 56
1265 6
1266 16
1267 65
1268 9
1269 64
1270 33
1271 33
1272 6
1273 6
1274 16
1275 2
1276 66
1277 25
1278 16
1279 33
1280 69
1281 27
1282 69
1283 61
1284 41
1285 9
1286 13
1287 13
1288 62
1289 12
1290 41
1291 55
1292 61
1293 9
1294 39
1295 30
1296 7
1297 33
1298 36
1299 10
1300 22
1301 63
1302 7
1303 1
1304 18
1305 42
1306 59
1307 69
1308 18
1309 19
1310 30
1311 16
1312 37
1313 28
1314 22
1315 24
1316 7
1317 57
1318 61
1319 34
1320 18
1321 41
1322 39
1323 69
1324 35
1325 36
1326 44
1327 52
1328 16
1329 40
1330 66
1331 11
1332 3
1333 50
1334 5
1335 2
1336 63
1337 47
1338 42
1339 64
1340 18
1341 50
1342 3
1343 4
1344 52
1345 12
1346 28
1347 21
1348 58
1349 45
1350 3
1351 16
1352 56
1353 28
1354 26
1355 6
1356 38
1357 56
1358 11
1359 47
1360 52
1361 62
1362 9
1363 35
1364 42
1365 36
1366 65
1367 42
1368 59
1369 56
1370 56
1371 69
1372 33
1373 6
1374 34
1375 19
1376 3
1377 3
1378 20
1379 56
1380 52
1381 69
1382 69
1383 1
1384 4
1385 28
1386 11
1387 48
1388 48
1389 48
1390 56
1391 56
1392 34
1393 16
1394 16
1395 7
1396 6
1397 6
1398 11
1399 11
1400 11
1401 7
1402 7
1403 7
1404 18
1405 16
1406 56
1407 65
1408 48
1409 33
1410 25
1411 50
1412 55
1413 4
1414 64
1415 60
1416 60
1417 5
1418 5
1419 25
1420 41
1421 24
1422 66
1423 53
1424 64
1425 58
1426 26
1427 64
1428 28
1429 33
1430 12
1431 33
1432 35
1433 33
1434 39
1435 10
1436 65
1437 20
1438 53
1439 53
1440 42
1441 62
1442 2
1443 5
1444 13
1445 52
1446 23
1447 16
1448 38
1449 9
1450 45
1451 30
1452 33
1453 50
1454 28
1455 31
1456 39
1457 42
1458 13
1459 66
1460 15
1461 33
1462 36
1463 28
1464 34
1465 67
1466 19
1467 6
1468 46
1469 10
1470 56
1471 4
1472 26
1473 21
1474 44
1475 48
1476 16
1477 17
1478 11
1479 52
1480 33
1481 65
1482 7
1483 42
1484 18
1485 28
1486 23
1487 55
1488 17
1489 65
1490 39
1491 12
1492 11
1493 34
1494 19
1495 25
1496 25
1497 10
1498 47
1499 33
1500 69
1501 32
1502 56
1503 63
1504 11
1505 33
1506 59
1507 8
1508 6
1509 34
1510 28
1511 26
1512 44
1513 33
1514 62
1515 1
1516 1
1517 34
1518 34
1519 66
1520 56
1521 56
1522 57
1523 57
1524 18
1525 18
1526 39
1527 38
1528 6
1529 12
1530 12
1531 28
1532 28
1533 32
1534 62
1535 59
1536 64
1537 65
1538 44
1539 45
1540 10
1541 10
1542 12
1543 12
1544 12
1545 12
1546 12
1547 45
1548 45
1549 29
1550 39
1551 39
1552 7
1553 7
1554 7
1555 24
1556 24
1557 13
1558 13
1559 24
1560 24
1561 66
1562 66
1563 66
1564 66
1565 60
1566 60
1567 60
1568 62
1569 62
1570 3
1571 3
1572 3
1573 19
1574 51
1575 51
1576 52
1577 53
1578 53
1579 52
1580 52
1581 66
1582 66
1583 11
1584 45
1585 45
1586 45
1587 5
1588 46
1589 68
1590 33
1591 44
1592 44
1593 30
1594 69
1595 29
1596 27
1597 39
1598 18
1599 17
1600 27
1601 27
1602 12
1603 12
1604 12
1605 12
1606 12
1607 48
1608 48
1609 48
1610 66
1611 67
1612 40
1613 59
1614 59
1615 67
1616 67
1617 18
1618 39
1619 39
1620 40
1621 16
1622 17
1623 34
1624 25
1625 4
1626 47
1627 65
1628 65
1629 64
1630 58
1631 56
1632 58
1633 11
1634 53
1635 33
1636 43
1637 20
1638 10
1639 26
1640 16
1641 25
1642 24
1643 38
1644 56
1645 51
1646 1
1647 20
1648 14
1649 39
1650 36
1651 43
1652 37
1653 32
1654 41
1655 41
1656 63
1657 56
1658 18
1659 31
1660 19
1661 18
1662 67
1663 55
1664 64
1665 42
1666 3
1667 4
1668 34
1669 31
1670 17
1671 28
1672 59
1673 41
1674 16
1675 62
1676 42
1677 38
1678 56
1679 61
1680 65
1681 64
1682 37
1683 33
1684 69
1685 3
1686 36
1687 31
1688 55
1689 63
1690 2
1691 69
1692 19
1693 57
1694 49
1695 63
1696 45
1697 45
1698 46
1699 45
1700 45
1701 49
1702 48
1703 10
1704 17
1705 52
1706 45
1707 17
1708 24
1709 1
1710 33
1711 1
1712 58
1713 33
1714 33
1715 31
1716 42
1717 25
1718 40
1719 33
1720 39
1721 35
1722 31
1723 11
1724 27
1725 44
1726 3
1727 67
1728 11
1729 9
1730 51
1731 38
1732 9
1733 50
1734 21
1735 23
1736 18
1737 15
1738 27
1739 21
1740 4
1741 24
1742 15
1743 34
1744 28
1745 34
1746 30
1747 5
1748 45
1749 47
1750 12
1751 6
1752 39
1753 55
1754 68
1755 60
1756 26
1757 16
1758 55
1759 64
1760 63
1761 59
1762 16
1763 45
1764 15
1765 53
1766 11
1767 32
1768 21
1769 55
1770 31
1771 42
1772 21
1773 7
1774 28
1775 13
1776 8
1777 33
1778 11
1779 12
1780 7
1781 33
1782 66
1783 33
1784 57
1785 25
1786 6
1787 52
1788 6
1789 12
1790 66
1791 16
1792 26
1793 6
1794 6
1795 29
1796 30
1797 30
1798 11
1799 53
1800 11
1801 11
1802 11
1803 1
1804 33
1805 27
1806 28
1807 28
1808 58
1809 58
1810 51
1811 51
1812 52
1813 11
1814 11
1815 38
1816 46
1817 46
1818 9
1819 13
1820 13
1821 19
1822 44
1823 44
1824 25
1825 5
1826 5
1827 45
1828 45
1829 67
1830 64
1831 65
1832 64
1833 59
1834 61
1835 23
1836 66
1837 66
1838 59
1839 32
1840 36
1841 45
1842 19
1843 19
1844 45
1845 44
1846 47
1847 12
1848 12
1849 46
1850 44
1851 39
1852 35
1853 26
1854 24
1855 45
1856 59
1857 59
1858 2
1859 4
1860 52
1861 33
1862 33
1863 34
1864 52
1865 52
1866 53
1867 38
1868 39
1869 39
1870 64
1871 32
1872 33
1873 68
1874 59
1875 60
1876 60
1877 13
1878 13
1879 37
1880 35
1881 12
1882 65
1883 37
1884 10
1885 15
1886 56
1887 42
1888 30
1889 53
1890 50
1891 45
1892 45
1893 7
1894 9
1895 9
1896 32
1897 7
1898 22
1899 17
1900 3
1901 51
1902 55
1903 48
1904 53
1905 20
1906 11
1907 58
1908 30
1909 62
1910 23
1911 34
1912 39
1913 67
1914 64
1915 17
1916 41
1917 42
1918 43
1919 42
1920 40
1921 42
1922 58
1923 54
1924 16
1925 63
1926 20
1927 9
1928 67
1929 60
1930 40
1931 25
1932 28
1933 34
1934 64
1935 52
1936 42
1937 42
1938 65
1939 22
1940 64
1941 64
1942 48
1943 1
1944 41
1945 21
1946 24
1947 64
1948 7
1949 59
1950 53
1951 17
1952 60
1953 30
1954 42
1955 19
1956 3
1957 59
1958 29
1959 16
1960 66
1961 31
1962 58
1963 9
1964 11
1965 42
1966 12
1967 39
1968 56
1969 53
1970 44
1971 2
1972 64
1973 1
1974 64
1975 8
1976 66
1977 12
1978 58
1979 44
1980 18
1981 58
1982 65
1983 42
1984 64
1985 33
1986 21
1987 58
1988 50
1989 4
1990 65
1991 55
1992 69
1993 3
1994 34
1995 33
1996 64
1997 7
1998 69
1999 53
2000 34
2001 39
2002 12
2003 50
2004 15
2005 61
2006 22
2007 12
2008 63
2009 12
2010 16
2011 64
2012 45
2013 33
2014 66
2015 30
2016 63
2017 59
2018 36
2019 57
2020 61
2021 33
2022 10
2023 17
2024 66
2025 41
2026 24
2027 65
2028 3
2029 35
2030 8
2031 28
2032 45
2033 6
2034 55
2035 33
2036 41
2037 1
2038 1
2039 17
2040 19
2041 19
2042 65
2043 65
2044 55
2045 55
2046 56
2047 56
2048 47
2049 47
2050 16
2051 16
2052 12
2053 25
2054 25
2055 25
2056 62
2057 30
2058 28
2059 10
2060 62
2061 66
2062 27
2063 27
2064 25
2065 1
2066 1
2067 1
2068 34
2069 64
2070 64
2071 64
2072 64
2073 34
2074 32
2075 13
2076 65
2077 64
2078 34
2079 24
2080 23
2081 9
2082 12
2083 35
2084 36
2085 36
2086 35
2087 35
2088 11
2089 11
2090 14
2091 28
2092 11
2093 11
2094 11
2095 11
2096 26
2097 50
2098 20
2099 41
2100 41
2101 15
2102 15
2103 41
2104 32
2105 8
2106 39
2107 66
2108 65
2109 12
2110 12
2111 47
2112 37
2113 35
2114 45
2115 9
2116 27
2117 4
2118 4
2119 40
2120 12
2121 12
2122 64
2123 55
2124 57
2125 46
2126 44
2127 44
2128 24
2129 45
2130 48
2131 48
2132 44
2133 18
2134 52
2135 24
2136 56
2137 33
2138 32
2139 38
2140 19
2141 3
2142 41
2143 37
2144 51
2145 10
2146 55
2147 18
2148 7
2149 24
2150 39
2151 7
2152 10
2153 69
2154 31
2155 2
2156 14
2157 31
2158 63
2159 65
2160 59
2161 63
2162 42
2163 16
2164 50
2165 67
2166 31
2167 33
2168 16
2169 41
2170 18
2171 32
2172 69
2173 33
2174 7
2175 7
2176 69
2177 59
2178 28
2179 27
2180 24
2181 44
2182 34
2183 33
2184 36
2185 33
2186 12
2187 24
2188 63
2189 7
2190 12
2191 49
2192 16
2193 9
2194 33
2195 4
2196 6
2197 41
2198 59
2199 1
2200 50
2201 47
2202 22
2203 47
2204 66
2205 17
2206 59
2207 59
2208 7
2209 62
2210 25
2211 30
2212 56
2213 64
2214 58
2215 59
2216 56
2217 33
2218 5
2219 29
2220 45
2221 45
2222 54
2223 45
2224 7
2225 55
2226 58
2227 55
2228 66
2229 58
2230 27
2231 53
2232 24
2233 64
2234 3
2235 39
2236 31
2237 33
2238 36
2239 17
2240 67
2241 56
2242 2
2243 22
2244 45
2245 7
2246 64
2247 48
2248 47
2249 48
2250 60
2251 44
2252 9
2253 11
2254 19
2255 34
2256 3
2257 39
2258 29
2259 18
2260 6
2261 28
2262 56
2263 53
2264 39
2265 65
2266 60
2267 28
2268 63
2269 56
2270 7
2271 15
2272 45
2273 49
2274 45
2275 42
2276 45
2277 9
2278 30
2279 36
2280 45
2281 33
2282 40
2283 23
2284 45
2285 32
2286 9
2287 65
2288 64
2289 1
2290 18
2291 41
2292 16
2293 63
2294 39
2295 33
2296 33
2297 19
2298 64
2299 44
2300 44
2301 46
2302 30
2303 30
2304 12
2305 64
2306 65
2307 29
2308 35
2309 42
2310 42
2311 9
2312 65
2313 16
2314 16
2315 13
2316 27
2317 27
2318 59
2319 59
2320 59
2321 59
2322 59
2323 53
2324 25
2325 64
2326 46
2327 19
2328 29
2329 29
2330 38
2331 31
2332 65
2333 30
2334 65
2335 64
2336 53
2337 51
2338 39
2339 1
2340 24
2341 66
2342 49
2343 1
2344 47
2345 69
2346 34
2347 45
2348 37
2349 10
2350 18
2351 50
2352 18
2353 63
2354 11
2355 44
2356 24
2357 26
2358 31
2359 67
2360 37
2361 62
2362 31
2363 12
2364 63
2365 28
2366 12
2367 24
2368 63
2369 63
2370 19
2371 17
2372 16
2373 49
2374 6
2375 24
2376 34
2377 56
2378 29
2379 66
2380 27
2381 19
2382 59
2383 39
2384 65
2385 9
2386 47
2387 28
2388 48
2389 4
2390 32
2391 52
2392 56
2393 44
2394 16
2395 5
2396 65
2397 18
2398 23
2399 63
2400 16
2401 31
2402 31
2403 39
2404 59
2405 34
2406 36
2407 9
2408 42
2409 28
2410 29
2411 59
2412 15
2413 16
2414 33
2415 16
2416 20
2417 52
2418 64
2419 38
2420 18
2421 63
2422 33
2423 18
2424 42
2425 31
2426 1
2427 64
2428 64
2429 9
2430 38
2431 6
2432 35
2433 42
2434 19
2435 45
2436 58
2437 60
2438 28
2439 33
2440 5
2441 3
2442 48
2443 33
2444 13
2445 30
2446 62
2447 62
2448 61
2449 56
2450 20
2451 38
2452 47
2453 2
2454 56
2455 50
2456 51
2457 21
2458 59
2459 31
2460 34
2461 8
2462 11
2463 11
2464 11
2465 11
2466 11
2467 11
2468 11
2469 11
2470 14
2471 11
2472 14
2473 11
2474 11
2475 11
2476 33
2477 33
2478 33
2479 33
2480 33
2481 33
2482 33
2483 33
2484 33
2485 28
2486 21
2487 21
2488 21
2489 14
2490 14
2491 9
2492 9
2493 14
2494 14
2495 8
2496 9
2497 8
2498 9
2499 9
2500 9
2501 9
2502 9
2503 9
2504 9
2505 9
2506 9
2507 9
2508 9
2509 9
2510 9
2511 9
2512 9
2513 9
2514 9
2515 9
2516 9
2517 10
2518 9
2519 9
2520 9
2521 10
2522 31
2523 34
2524 33
2525 49
2526 11
2527 11
2528 11
2529 51
2530 51
2531 22
2532 22
2533 10
2534 10
2535 10
2536 22
2537 10
2538 10
2539 10
2540 10
2541 8
2542 10
2543 8
2544 8
2545 8
2546 8
2547 8
2548 8
2549 8
2550 7
2551 8
2552 6
2553 6
2554 7
2555 3
2556 8
2557 8
2558 8
2559 3
2560 7
2561 3
2562 3
2563 3
2564 3
2565 3
2566 8
2567 8
2568 8
2569 8
2570 8
2571 8
2572 8
2573 8
2574 3
2575 3
2576 3
2577 3
2578 8
2579 8
2580 3
2581 22
2582 3
2583 22
2584 3
2585 22
2586 22
2587 17
2588 17
2589 17
2590 17
2591 17
2592 17
2593 17
2594 55
2595 16
2596 55
2597 55
2598 56
2599 51
2600 51
2601 56
2602 56
2603 56
2604 56
2605 56
2606 56
2607 56
2608 56
2609 56
2610 56
2611 56
2612 56
2613 56
2614 55
2615 55
2616 16
2617 16
2618 16
2619 16
2620 17
2621 17
2622 16
2623 17
2624 17
2625 17
2626 17
2627 17
2628 17
2629 3
2630 3
2631 3
2632 3
2633 3
2634 3
2635 7
2636 7
2637 7
2638 7
2639 7
2640 7
2641 3
2642 4
2643 4
2644 4
2645 4
2646 4
2647 4
2648 3
2649 3
2650 5
2651 4
2652 5
2653 5
2654 5
2655 5
2656 5
2657 5
2658 3
2659 5
2660 2
2661 2
2662 2
2663 17
2664 17
2665 16
2666 17
2667 58
2668 55
2669 55
2670 58
2671 56
2672 58
2673 5
2674 4
2675 4
2676 4
2677 43
2678 49
2679 10
2680 49
2681 49
2682 45
2683 49
2684 49
2685 20
2686 13
2687 5
2688 14
2689 33
2690 62
2691 55
2692 54
2693 54
2694 56
2695 50
2696 5
2697 24
2698 25
2699 25
2700 23
2701 23
2702 23
2703 23
2704 25
2705 25
2706 25
2707 25
2708 25
2709 25
2710 25
2711 25
2712 25
2713 23
2714 27
2715 30
2716 25
2717 27
2718 27
2719 27
2720 30
2721 30
2722 30
2723 30
2724 30
2725 30
2726 30
2727 30
2728 30
2729 30
2730 30
2731 28
2732 28
2733 28
2734 11
2735 11
2736 28
2737 11
2738 11
2739 28
2740 11
2741 11
2742 11
2743 11
2744 11
2745 11
2746 11
2747 11
2748 11
2749 28
2750 28
2751 28
2752 30
2753 30
2754 25
2755 25
2756 28
2757 28
2758 28
2759 28
2760 28
2761 28
2762 28
2763 28
2764 30
2765 28
2766 30
2767 30
2768 27
2769 27
2770 27
2771 27
2772 30
2773 27
2774 27
2775 27
2776 27
2777 27
2778 27
2779 26
2780 26
2781 26
2782 62
2783 62
2784 26
2785 26
2786 23
2787 23
2788 23
2789 62
2790 23
2791 23
2792 23
2793 24
2794 24
2795 24
2796 24
2797 24
2798 23
2799 24
2800 24
2801 23
2802 48
2803 24
2804 24
2805 48
2806 24
2807 24
2808 24
2809 24
2810 24
2811 24
2812 62
2813 62
2814 59
2815 59
2816 59
2817 61
2818 62
2819 62
2820 62
2821 62
2822 62
2823 62
2824 62
2825 27
2826 62
2827 62
2828 62
2829 33
2830 27
2831 62
2832 62
2833 62
2834 28
2835 28
2836 21
2837 28
2838 28
2839 21
2840 21
2841 21
2842 21
2843 21
2844 21
2845 21
2846 21
2847 21
2848 20
2849 20
2850 22
2851 22
2852 22
2853 20
2854 20
2855 20
2856 31
2857 20
2858 31
2859 31
2860 31
2861 31
2862 31
2863 31
2864 34
2865 33
2866 34
2867 34
2868 34
2869 34
2870 34
2871 62
2872 34
2873 34
2874 34
2875 34
2876 34
2877 34
2878 34
2879 34
2880 60
2881 60
2882 60
2883 60
2884 60
2885 60
2886 62
2887 60
2888 60
2889 60
2890 60
2891 60
2892 48
2893 48
2894 59
2895 59
2896 59
2897 59
2898 48
2899 48
2900 48
2901 48
2902 48
2903 48
2904 62
2905 62
2906 49
2907 49
2908 49
2909 49
2910 49
2911 49
2912 49
2913 49
2914 49
2915 67
2916 67
2917 67
2918 67
2919 49
2920 63
2921 49
2922 49
2923 49
2924 49
2925 49
2926 49
2927 49
2928 49
2929 49
2930 47
2931 63
2932 63
2933 63
2934 49
2935 49
2936 48
2937 63
2938 63
2939 67
2940 67
2941 67
2942 67
2943 67
2944 67
2945 63
2946 63
2947 63
2948 63
2949 63
2950 63
2951 63
2952 63
2953 50
2954 50
2955 50
2956 63
2957 60
2958 65
2959 34
2960 50
2961 50
2962 50
2963 50
2964 34
2965 60
2966 34
2967 34
2968 34
2969 34
2970 34
2971 34
2972 34
2973 34
2974 34
2975 34
2976 34
2977 51
2978 34
2979 51
2980 54
2981 34
2982 34
2983 18
2984 34
2985 54
2986 54
2987 34
2988 31
2989 18
2990 19
2991 19
2992 18
2993 19
2994 20
2995 31
2996 38
2997 19
2998 19
2999 20
3000 19
3001 22
3002 22
3003 22
3004 20
3005 20
3006 20
3007 20
3008 20
3009 20
3010 22
3011 20
3012 20
3013 20
3014 20
3015 55
3016 55
3017 55
3018 55
3019 55
3020 55
3021 55
3022 55
3023 55
3024 54
3025 18
3026 18
3027 54
3028 54
3029 54
3030 54
3031 54
3032 54
3033 55
3034 55
3035 50
3036 50
3037 50
3038 50
3039 50
3040 50
3041 56
3042 56
3043 50
3044 50
3045 50
3046 50
3047 50
3048 50
3049 50
3050 50
3051 50
3052 50
3053 50
3054 50
3055 50
3056 50
3057 50
3058 50
3059 50
3060 67
3061 50
3062 63
3063 67
3064 50
3065 63
3066 63
3067 66
3068 50
3069 66
3070 66
3071 67
3072 50
3073 68
3074 50
3075 68
3076 68
3077 68
3078 68
3079 68
3080 50
3081 50
3082 50
3083 50
3084 50
3085 69
3086 69
3087 69
3088 56
3089 56
3090 56
3091 56
3092 56
3093 56
3094 56
3095 55
3096 55
3097 55
3098 55
3099 16
3100 55
3101 16
3102 55
3103 16
3104 15
3105 16
3106 16
3107 16
3108 17
3109 17
3110 2
3111 2
3112 2
3113 2
3114 2
3115 5
3116 5
3117 5
3118 5
3119 5
3120 2
3121 2
3122 2
3123 5
3124 5
3125 17
3126 17
3127 17
3128 17
3129 17
3130 17
3131 15
3132 15
3133 15
3134 15
3135 15
3136 15
3137 15
3138 15
3139 15
3140 15
3141 17
3142 15
3143 15
3144 15
3145 15
3146 15
3147 15
3148 58
3149 15
3150 15
3151 55
3152 55
3153 58
3154 57
3155 58
3156 58
3157 58
3158 58
3159 58
3160 58
3161 58
3162 58
3163 57
3164 58
3165 56
3166 56
3167 56
3168 56
3169 56
3170 56
3171 57
3172 69
3173 69
3174 69
3175 69
3176 69
3177 69
3178 69
3179 69
3180 56
3181 56
3182 56
3183 56
3184 56
3185 56
3186 56
3187 56
3188 69
3189 69
3190 69
3191 69
3192 57
3193 57
3194 57
3195 57
3196 57
3197 57
3198 57
3199 57
3200 57
3201 57
3202 57
3203 57
3204 57
3205 57
3206 57
3207 58
3208 57
3209 57
3210 57
3211 57
3212 57
3213 57
3214 15
3215 15
3216 15
3217 58
3218 15
3219 15
3220 15
3221 15
3222 15
3223 15
3224 15
3225 15
3226 17
3227 1
3228 1
3229 1
3230 1
3231 1
3232 1
3233 1
3234 5
3235 5
3236 5
3237 5
3238 5
3239 5
3240 5
3241 5
3242 5
3243 5
3244 4
3245 5
3246 5
3247 5
3248 5
3249 67
3250 25
3251 25
3252 54
3253 20
3254 20
3255 63
3256 50
3257 50
3258 26
3259 23
3260 60
3261 58
3262 3
3263 6
3264 15
3265 15
3266 20
3267 20
3268 17
3269 20
3270 20
3271 20
3272 35
3273 29
3274 25
3275 28
3276 11
3277 34
3278 34
3279 55
3280 19
3281 4
3282 4
3283 3
3284 5
3285 9
3286 9
3287 9
3288 49
3289 49
3290 49
3291 22
3292 3
3293 34
3294 34
3295 9
3296 14
3297 9
3298 35
3299 17
3300 17
3301 17
3302 7
3303 4
3304 7
3305 17
3306 2
3307 5
3308 5
3309 5
3310 3
3311 5
3312 48
3313 49
3314 48
3315 11
3316 11
3317 8
3318 8
3319 57
3320 33
3321 33
3322 28
3323 5
3324 4
3325 63
3326 25
3327 17
3328 17
3329 17
3330 63
3331 67
3332 67
3333 67
3334 67
3335 17
3336 16
3337 16
3338 23
3339 23
3340 9
3341 15
3342 58
3343 15
3344 55
3345 20
3346 55
3347 55
3348 55
3349 10
3350 21
3351 22
3352 51
3353 54
3354 51
3355 20
3356 20
3357 58
3358 56
3359 56
3360 1
3361 63
3362 1
3363 1
3364 24
3365 50
3366 67
3367 28
3368 27
3369 10
3370 10
3371 10
3372 67
3373 68
3374 50
3375 68
3376 5
3377 56
3378 56
3379 56
3380 56
3381 3
3382 48
3383 48
3384 49
3385 63
3386 21
3387 21
3388 10
3389 22
3390 10
3391 10
3392 17
3393 56
3394 3
3395 2
3396 50
3397 56
3398 56
3399 56
3400 56
3401 19
3402 20
3403 50
3404 51
3405 51
3406 34
3407 34
3408 50
3409 10
3410 9
3411 11
3412 21
3413 21
3414 21
3415 21
3416 16
3417 55
3418 12
3419 23
3420 18
3421 18
3422 4
3423 51
3424 17
3425 15
3426 2
3427 11
3428 48
3429 22
3430 17
3431 3
3432 50
3433 23
3434 63
3435 9
3436 21
3437 7
3438 2
3439 33
3440 63
3441 55
3442 17
3443 69
3444 3
3445 19
3446 63
3447 67
3448 31
3449 56
3450 10
3451 21
3452 10
3453 31
3454 34
3455 54
3456 11
3457 67
3458 55
3459 49
3460 46
3461 32
3462 19
3463 5
3464 8
3465 34
3466 23
3467 16
3468 49
3469 21
3470 47
3471 27
3472 35
3473 22
3474 65
3475 63
3476 30
3477 68
3478 63
3479 28
3480 47
3481 5
3482 58
3483 30
3484 58
3485 10
3486 3
3487 16
3488 28
3489 56
3490 5
3491 68
3492 60
3493 58
3494 47
3495 33
3496 60
3497 31
3498 18
3499 62
3500 22
3501 11
3502 12
3503 28
3504 23
3505 45
3506 10
3507 56
3508 43
3509 11
3510 66
3511 56
3512 49
3513 16
3514 21
3515 50
3516 34
3517 13
3518 22
3519 28
3520 69
3521 67
3522 27
3523 50
3524 62
3525 11
3526 1
3527 21
3528 26
3529 15
3530 16
3531 13
3532 15
3533 5
3534 17
3535 54
3536 13
3537 22
3538 34
3539 20
3540 34
3541 14
3542 54
3543 22
3544 34
3545 13
3546 55
3547 9
3548 5
3549 62
3550 7
3551 18
3552 51
3553 9
3554 50
3555 28
3556 59
3557 60
3558 52
3559 43
3560 62
3561 33
3562 15
3563 28
3564 2
3565 7
3566 4
3567 11
3568 13
3569 64
3570 63
3571 9
3572 62
3573 48
3574 34
3575 38
3576 17
3577 67
3578 50
3579 3
3580 64
3581 34
3582 28
3583 58
3584 24
3585 28
3586 69
3587 62
3588 63
3589 9
3590 5
3591 34
3592 63
3593 30
3594 28
3595 24
3596 11
3597 23
3598 63
3599 28
3600 56
3601 18
3602 56
3603 23
3604 17
3605 33
3606 21
3607 56
3608 63
3609 56
3610 15
3611 15
3612 63
3613 34
3614 31
3615 49
3616 34
3617 17
3618 47
3619 58
3620 39
3621 56
3622 19
3623 1
3624 63
3625 28
3626 57
3627 27
3628 22
3629 20
3630 33
3631 62
3632 33
3633 20
3634 46
3635 33
3636 17
3637 69
3638 14
3639 3
3640 57
3641 14
3642 4
3643 58
3644 2
3645 43
3646 7
3647 30
3648 5
3649 11
3650 13
3651 62
3652 5
3653 5
3654 7
3655 60
3656 22
3657 55
3658 5
3659 11
3660 34
3661 69
3662 32
3663 28
3664 20
3665 5
3666 1
3667 63
3668 57
3669 11
3670 50
3671 3
3672 20
3673 56
3674 48
3675 12
3676 9
3677 62
3678 56
3679 56
3680 12
3681 50
3682 19
3683 43
3684 38
3685 11
3686 50
3687 62
3688 24
3689 56
3690 38
3691 56
3692 55
3693 17
3694 48
3695 24
3696 56
3697 21
3698 50
3699 43
3700 55
3701 15
3702 8
3703 48
3704 4
3705 34
3706 8
3707 4
3708 63
3709 8
3710 8
3711 60
3712 49
3713 24
3714 21
3715 8
3716 7
3717 38
3718 54
3719 54
3720 10
3721 17
3722 8
3723 62
3724 5
3725 25
3726 5
3727 25
3728 60
3729 3
3730 16
3731 34
3732 7
3733 17
3734 28
3735 33
3736 67
3737 55
3738 11
3739 38
3740 56
3741 69
3742 48
3743 25
3744 30
3745 27
3746 23
3747 30
3748 33
3749 19
3750 3
3751 38
3752 51
3753 56
3754 3
3755 50
3756 1
3757 51
3758 55
3759 3
3760 56
3761 29
3762 21
3763 20
3764 28
3765 27
3766 62
3767 4
3768 2
3769 27
3770 34
3771 63
3772 18
3773 55
3774 17
3775 31
3776 30
3777 56
3778 3
3779 56
3780 3
3781 32
3782 4
3783 19
3784 63
3785 67
3786 67
3787 21
3788 31
3789 3
3790 56
3791 10
3792 5
3793 56
3794 10
3795 28
3796 50
3797 17
3798 1
3799 8
3800 66
3801 5
3802 10
3803 48
3804 50
3805 21
3806 22
3807 10
3808 3
3809 50
3810 9
3811 2
3812 16
3813 22
3814 63
3815 67
3816 17
3817 67
3818 34
3819 16
3820 56
3821 26
3822 8
3823 31
3824 21
3825 33
3826 11
3827 54
3828 20
3829 11
3830 34
3831 67
3832 16
3833 49
3834 11
3835 20
3836 63
3837 64
3838 46
3839 28
3840 25
3841 55
3842 34
3843 27
3844 11
3845 8
3846 11
3847 27
3848 49
3849 17
3850 25
3851 33
3852 19
3853 20
3854 20
3855 5
3856 11
3857 17
3858 50
3859 21
3860 10
3861 21
3862 62
3863 56
3864 15
3865 7
3866 34
3867 4
3868 10
3869 18
3870 49
3871 15
3872 23
3873 17
3874 33
3875 49
3876 20
3877 56
3878 3
3879 47
3880 31
3881 25
3882 11
3883 35
3884 58
3885 22
3886 14
3887 12
3888 63
3889 21
3890 69
3891 8
3892 51
3893 65
3894 50
3895 30
3896 63
3897 66
3898 30
3899 57
3900 67
3901 10
3902 4
3903 34
3904 3
3905 57
3906 27
3907 22
3908 30
3909 16
3910 63
3911 11
3912 16
3913 56
3914 68
3915 31
3916 11
3917 31
3918 31
3919 24
3920 24
3921 57
3922 48
3923 54
3924 11
3925 10
3926 62
3927 20
3928 20
3929 3
3930 24
3931 45
3932 28
3933 20
3934 20
3935 20
3936 49
3937 28
3938 69
3939 10
3940 34
3941 9
3942 10
3943 67
3944 49
3945 50
3946 34
3947 16
3948 21
3949 9
3950 67
3951 3
3952 28
3953 33
3954 50
3955 34
3956 27
3957 54
3958 49
3959 56
3960 9
3961 52
3962 68
3963 31
3964 50
3965 14
3966 11
3967 55
3968 57
3969 60
3970 13
3971 17
3972 63
3973 11
3974 1
3975 56
3976 56
3977 24
3978 62
3979 48
3980 16
3981 3
3982 50
3983 28
3984 68
3985 15
3986 34
3987 34
3988 55
3989 5
3990 62
3991 18
3992 52
3993 2
3994 34
3995 17
3996 34
3997 13
3998 22
3999 16
4000 15
4001 34
4002 14
4003 54
4004 1
4005 34
4006 20
4007 68
4008 10
4009 13
4010 33
4011 55
4012 14
4013 58
4014 55
4015 20
4016 16
4017 9
4018 62
4019 69
4020 5
4021 33
4022 5
4023 61
4024 23
4025 7
4026 54
4027 3
4028 67
4029 50
4030 6
4031 5
4032 23
4033 54
4034 51
4035 5
4036 16
4037 30
4038 31
4039 8
4040 11
4041 43
4042 58
4043 17
4044 59
4045 55
4046 15
4047 11
4048 31
4049 34
4050 58
4051 25
4052 62
4053 25
4054 62
4055 62
4056 34
4057 10
4058 22
4059 3
4060 15
4061 33
4062 28
4063 50
4064 22
4065 69
4066 4
4067 3
4068 55
4069 34
4070 17
4071 56
4072 7
4073 46
4074 26
4075 9
4076 17
4077 17
4078 59
4079 49
4080 28
4081 49
4082 30
4083 47
4084 63
4085 69
4086 30
4087 31
4088 16
4089 67
4090 34
4091 34
4092 17
4093 14
4094 28
4095 31
4096 9
4097 26
4098 34
4099 17
4100 11
4101 64
4102 21
4103 68
4104 34
4105 63
4106 28
4107 62
4108 33
4109 58
4110 50
4111 21
4112 5
4113 3
4114 31
4115 1
4116 60
4117 30
4118 28
4119 25
4120 20
4121 9
4122 31
4123 9
4124 57
4125 33
4126 9
4127 9
4128 63
4129 69
4130 33
4131 34
4132 7
4133 28
4134 48
4135 30
4136 56
4137 3
4138 9
4139 18
4140 69
4141 56
4142 56
4143 49
4144 23
4145 11
4146 54
4147 56
4148 11
4149 58
4150 39
4151 50
4152 30
4153 14
4154 34
4155 24
4156 5
4157 3
4158 56
4159 20
4160 28
4161 33
4162 69
4163 50
4164 20
4165 6
4166 17
4167 27
4168 66
4169 20
4170 9
4171 5
4172 3
4173 20
4174 8
4175 56
4176 30
4177 32
4178 26
4179 28
4180 33
4181 17
4182 58
4183 17
4184 18
4185 15
4186 22
4187 55
4188 11
4189 30
4190 52
4191 56
4192 33
4193 11
4194 11
4195 20
4196 51
4197 5
4198 4
4199 16
4200 34
4201 57
4202 62
4203 67
4204 10
4205 69
4206 17
4207 17
4208 20
4209 23
4210 62
4211 5
4212 16
4213 50
4214 5
4215 58
4216 33
4217 30
4218 2
4219 17
4220 50
4221 67
4222 22
4223 66
4224 57
4225 34
4226 28
4227 67
4228 56
4229 28
4230 69
4231 23
4232 23
4233 6
4234 5
4235 33
4236 15
4237 3
4238 5
4239 13
4240 62
4241 13
4242 4
4243 7
4244 5
4245 31
4246 6
4247 6
4248 8
4249 59
4250 17
4251 62
4252 2
4253 56
4254 1
4255 67
4256 39
4257 21
4258 34
4259 56
4260 1
4261 3
4262 55
4263 33
4264 15
4265 60
4266 13
4267 34
4268 10
4269 9
4270 1
4271 58
4272 11
4273 3
4274 34
4275 56
4276 47
4277 30
4278 43
4279 34
4280 11
4281 63
4282 11
4283 67
4284 59
4285 11
4286 3
4287 15
4288 30
4289 24
4290 55
4291 12
4292 4
4293 62
4294 9
4295 69
4296 28
4297 28
4298 15
4299 21
4300 39
4301 17
4302 3
4303 17
4304 16
4305 67
4306 50
4307 49
4308 10
4309 62
4310 10
4311 56
4312 30
4313 43
4314 20
4315 11
4316 2
4317 51
4318 49
4319 1
4320 49
4321 25
4322 4
4323 58
4324 10
4325 55
4326 30
4327 66
4328 56
4329 16
4330 50
4331 50
4332 52
4333 5
4334 21
4335 30
4336 50
4337 60
4338 26
4339 67
4340 68
4341 25
4342 17
4343 11
4344 50
4345 17
4346 34
4347 58
4348 27
4349 57
4350 17
4351 21
4352 15
4353 56
4354 16
4355 25
4356 5
4357 25
4358 19
4359 67
4360 20
4361 2
4362 66
4363 58
4364 20
4365 49
4366 28
4367 24
4368 31
4369 14
4370 3
4371 11
4372 10
4373 67
4374 56
4375 21
4376 2
4377 38
4378 34
4379 33
4380 13
4381 17
4382 34
4383 4
4384 56
4385 62
4386 50
4387 27
4388 13
4389 64
4390 50
4391 29
4392 4
4393 56
4394 59
4395 55
4396 4
4397 9
4398 56
4399 22
4400 52
4401 22
4402 50
4403 55
4404 4
4405 62
4406 9
4407 27
4408 10
4409 15
4410 17
4411 33
4412 67
4413 50
4414 28
4415 34
4416 22
4417 15
4418 1
4419 34
4420 4
4421 28
4422 15
4423 20
4424 34
4425 15
4426 11
4427 28
4428 4
4429 48
4430 14
4431 26
4432 22
4433 69
4434 51
4435 20
4436 30
4437 5
4438 63
4439 34
4440 5
4441 8
4442 16
4443 13
4444 50
4445 10
4446 58
4447 10
4448 17
4449 8
4450 67
4451 2
4452 58
4453 3
4454 34
4455 56
4456 49
4457 18
4458 46
4459 14
4460 68
4461 57
4462 63
4463 24
4464 34
4465 33
4466 30
4467 5
4468 20
4469 3
4470 7
4471 55
4472 24
4473 67
4474 63
4475 34
4476 25
4477 8
4478 20
4479 30
4480 63
4481 24
4482 51
4483 30
4484 34
4485 11
4486 23
4487 63
4488 34
4489 67
4490 28
4491 17
4492 50
4493 33
4494 48
4495 11
4496 58
4497 50
4498 60
4499 60
4500 1
4501 23
4502 63
4503 62
4504 8
4505 63
4506 5
4507 57
4508 21
4509 1
4510 57
4511 54
4512 60
4513 63
4514 4
4515 13
4516 26
4517 17
4518 50
4519 9
4520 22
4521 44
4522 56
4523 62
4524 20
4525 28
4526 3
4527 33
4528 31
4529 17
4530 55
4531 9
4532 69
4533 33
4534 63
4535 11
4536 67
4537 5
4538 46
4539 30
4540 56
4541 27
4542 50
4543 3
4544 44
4545 59
4546 11
4547 64
4548 58
4549 5
4550 4
4551 58
4552 55
4553 17
4554 17
4555 8
4556 18
4557 17
4558 10
4559 22
4560 34
4561 7
4562 30
4563 11
4564 28
4565 11
4566 55
4567 9
4568 31
4569 5
4570 56
4571 50
4572 11
4573 67
4574 60
4575 67
4576 63
4577 57
4578 55
4579 56
4580 11
4581 63
4582 34
4583 54
4584 25
4585 49
4586 3
4587 18
4588 54
4589 20
4590 50
4591 4
4592 49
4593 34
4594 14
4595 56
4596 3
4597 28
4598 8
4599 30
4600 14
4601 54
4602 30
4603 61
4604 33
4605 50
4606 43
4607 8
4608 10
4609 31
4610 34
4611 1
4612 49
4613 60
4614 50
4615 3
4616 1
4617 9
4618 24
4619 62
4620 3
4621 51
4622 48
4623 24
4624 62
4625 43
4626 48
4627 1
4628 23
4629 56
4630 7
4631 56
4632 9
4633 10
4634 23
4635 62
4636 49
4637 8
4638 20
4639 16
4640 50
4641 63
4642 22
4643 22
4644 11
4645 18
4646 63
4647 28
4648 15
4649 16
4650 62
4651 55
4652 13
4653 60
4654 11
4655 63
4656 15
4657 34
4658 39
4659 28
4660 17
4661 58
4662 34
4663 11
4664 16
4665 34
4666 50
4667 50
4668 50
4669 69
4670 56
4671 38
4672 69
4673 56
4674 23
4675 2
4676 62
4677 55
4678 28
4679 62
4680 54
4681 49
4682 15
4683 17
4684 17
4685 54
4686 22
4687 55
4688 60
4689 30
4690 48
4691 37
4692 23
4693 28
4694 50
4695 21
4696 15
4697 9
4698 28
