0 43
1 20
2 23
3 6
4 13
5 20
6 31
7 17
8 32
9 24
10 8
11 30
12 42
13 4
14 35
15 24
16 42
17 21
18 39
19 15
20 24
21 13
22 42
23 37
24 2
25 41
26 37
27 11
28 23
29 37
30 17
31 6
32 28
33 13
34 7
35 44
36 1
37 18
38 11
39 11
40 35
41 19
42 16
43 1
44 22
45 29
46 14
47 38
48 8
49 8
50 7
51 14
52 38
53 40
54 4
55 44
56 6
57 12
58 2
59 1
60 44
61 7
62 7
63 6
64 36
65 18
66 3
67 40
68 9
69 38
70 4
71 3
72 3
73 37
74 40
75 20
76 5
77 10
78 38
79 8
80 11
81 36
82 5
83 43
84 34
85 7
86 16
87 44
88 16
89 33
90 20
91 6
92 12
93 41
94 40
95 4
96 8
97 21
98 27
99 19
100 42
101 28
102 24
103 43
104 40
105 17
106 8
107 39
108 4
109 22
110 30
111 42
112 31
113 9
114 39
115 27
116 26
117 35
118 35
119 35
120 22
121 17
122 13
123 28
124 33
125 28
126 44
127 1
128 42
129 43
130 44
131 7
132 8
133 43
134 22
135 38
136 38
137 3
138 24
139 31
140 35
141 4
142 4
143 9
144 29
145 42
146 11
147 41
148 24
149 2
150 42
151 42
152 28
153 40
154 21
155 28
156 39
157 15
158 15
159 18
160 21
161 25
162 21
163 40
164 40
165 41
166 19
167 39
168 42
169 30
170 37
171 4
172 30
173 30
174 38
175 26
176 24
177 32
178 35
179 36
180 35
181 37
182 22
183 17
184 17
185 6
186 23
187 36
188 14
189 8
190 28
191 13
192 5
193 29
194 21
195 21
196 22
197 20
198 11
199 44
200 14
201 16
202 40
203 22
204 23
205 22
206 6
207 6
208 20
209 14
210 43
211 14
212 2
213 14
214 2
215 6
216 32
217 17
218 23
219 3
220 30
221 35
222 4
223 23
224 8
225 40
226 28
227 24
228 28
229 39
230 18
231 23
232 39
233 25
234 42
235 30
236 27
237 27
238 11
239 11
240 36
241 35
242 36
243 3
244 44
245 1
246 11
247 11
248 7
249 38
250 24
251 3
252 38
253 8
254 43
255 31
256 11
257 30
258 30
259 4
260 35
261 42
262 42
263 24
264 40
265 39
266 15
267 43
268 28
269 39
270 15
271 40
272 25
273 41
274 17
275 22
276 28
277 35
278 17
279 28
280 28
281 32
282 13
283 16
284 16
285 8
286 8
287 23
288 2
289 28
290 4
291 31
292 30
293 43
294 4
295 35
296 35
297 42
298 13
299 17
300 39
301 28
302 21
303 15
304 39
305 23
306 17
307 30
308 29
309 17
310 23
311 1
312 21
313 13
314 19
315 6
316 38
317 8
318 10
319 15
320 43
321 40
322 40
323 39
324 13
325 13
326 14
327 24
328 24
329 24
330 38
331 1
332 1
333 1
334 35
335 31
336 31
337 9
338 24
339 24
340 22
341 43
342 39
343 13
344 16
345 26
346 26
347 26
348 24
349 37
350 15
351 15
352 8
353 8
354 4
355 4
356 40
357 39
358 39
359 39
360 40
361 25
362 25
363 26
364 13
365 29
366 29
367 25
368 4
369 43
370 31
371 31
372 31
373 17
374 42
375 30
376 21
377 13
378 43
379 24
380 23
381 8
382 6
383 11
384 21
385 35
386 1
387 41
388 37
389 6
390 11
391 21
392 4
393 11
394 14
395 29
396 33
397 4
398 39
399 42
400 23
401 6
402 38
403 43
404 4
405 42
406 40
407 44
408 23
409 34
410 39
411 18
412 29
413 29
414 41
415 38
416 6
417 26
418 43
419 4
420 1
421 32
422 28
423 26
424 24
425 39
426 4
427 22
428 24
429 39
430 25
431 37
432 24
433 19
434 43
435 43
436 43
437 43
438 13
439 19
440 13
441 13
442 13
443 8
444 8
445 8
446 21
447 21
448 21
449 21
450 13
451 13
452 13
453 12
454 16
455 28
456 28
457 4
458 4
459 4
460 18
461 14
462 14
463 39
464 43
465 24
466 26
467 24
468 28
469 28
470 28
471 24
472 25
473 24
474 30
475 29
476 29
477 30
478 29
479 42
480 42
481 42
482 1
483 20
484 16
485 42
486 15
487 35
488 35
489 1
490 1
491 22
492 11
493 42
494 42
495 22
496 31
497 31
498 13
499 21
500 40
501 25
502 22
503 4
504 4
505 14
506 42
507 39
508 39
509 40
510 15
511 2
512 43
513 43
514 22
515 23
516 8
517 44
518 40
519 17
520 38
521 35
522 7
523 35
524 35
525 31
526 33
527 40
528 38
529 32
530 37
531 35
532 23
533 38
534 22
535 35
536 9
537 12
538 42
539 8
540 35
541 42
542 36
543 7
544 7
545 26
546 4
547 15
548 6
549 1
550 19
551 31
552 38
553 2
554 11
555 22
556 38
557 18
558 32
559 14
560 43
561 13
562 11
563 15
564 16
565 28
566 40
567 23
568 36
569 27
570 41
571 31
572 1
573 29
574 21
575 25
576 6
577 34
578 24
579 5
580 25
581 8
582 28
583 8
584 34
585 35
586 3
587 6
588 24
589 42
590 42
591 35
592 33
593 43
594 37
595 39
596 28
597 40
598 25
599 31
600 29
601 24
602 24
603 4
604 22
605 13
606 40
607 20
608 20
609 44
610 6
611 1
612 1
613 23
614 38
615 38
616 13
617 13
618 15
619 15
620 18
621 18
622 17
623 5
624 6
625 22
626 22
627 1
628 14
629 14
630 14
631 36
632 32
633 32
634 18
635 23
636 23
637 11
638 11
639 13
640 13
641 12
642 12
643 6
644 6
645 27
646 31
647 31
648 31
649 16
650 13
651 13
652 13
653 38
654 37
655 22
656 16
657 16
658 16
659 15
660 24
661 30
662 35
663 17
664 4
665 42
666 9
667 36
668 3
669 3
670 43
671 43
672 2
673 44
674 44
675 19
676 21
677 24
678 17
679 17
680 17
681 18
682 2
683 10
684 38
685 22
686 7
687 36
688 12
689 35
690 4
691 43
692 43
693 37
694 11
695 15
696 31
697 44
698 43
699 44
700 28
701 6
702 35
703 23
704 22
705 26
706 4
707 35
708 32
709 22
710 5
711 5
712 14
713 14
714 5
715 37
716 18
717 21
718 23
719 15
720 3
721 39
722 37
723 1
724 30
725 29
726 23
727 20
728 33
729 38
730 38
731 7
732 6
733 40
734 13
735 7
736 12
737 9
738 6
739 40
740 2
741 43
742 44
743 43
744 41
745 9
746 41
747 34
748 35
749 33
750 20
751 3
752 44
753 11
754 15
755 14
756 15
757 27
758 39
759 27
760 38
761 17
762 6
763 3
764 33
765 43
766 11
767 28
768 41
769 37
770 14
771 20
772 34
773 20
774 7
775 30
776 18
777 37
778 18
779 35
780 6
781 40
782 34
783 24
784 4
785 22
786 24
787 24
788 31
789 31
790 40
791 39
792 42
793 42
794 42
795 13
796 39
797 39
798 1
799 1
800 1
801 42
802 32
803 7
804 28
805 28
806 44
807 44
808 20
809 4
810 4
811 4
812 4
813 29
814 30
815 30
816 30
817 29
818 26
819 28
820 28
821 25
822 21
823 25
824 28
825 28
826 4
827 4
828 13
829 23
830 43
831 17
832 38
833 38
834 43
835 43
836 39
837 1
838 17
839 23
840 31
841 31
842 31
843 13
844 26
845 11
846 35
847 35
848 42
849 42
850 42
851 40
852 13
853 35
854 18
855 8
856 27
857 25
858 27
859 21
860 4
861 29
862 25
863 15
864 43
865 23
866 12
867 36
868 1
869 23
870 38
871 42
872 11
873 32
874 39
875 15
876 6
877 31
878 17
879 11
880 3
881 34
882 17
883 38
884 21
885 22
886 29
887 11
888 1
889 6
890 15
891 40
892 13
893 13
894 28
895 31
896 43
897 43
898 43
899 1
900 19
901 7
902 26
903 24
904 24
905 13
906 27
907 40
908 42
909 30
910 24
911 7
912 40
913 25
914 39
915 42
916 37
917 41
918 44
919 22
920 24
921 7
922 14
923 26
924 42
925 26
926 44
927 11
928 5
929 16
930 17
931 24
932 35
933 5
934 34
935 29
936 22
937 42
938 13
939 25
940 35
941 29
942 37
943 39
944 24
945 22
946 4
947 3
948 35
949 35
950 22
951 16
952 16
953 37
954 1
955 4
956 4
957 6
958 21
959 39
960 5
961 43
962 43
963 43
964 29
965 29
966 3
967 3
968 3
969 41
970 8
971 8
972 18
973 22
974 22
975 43
976 43
977 29
978 29
979 30
980 29
981 29
982 36
983 11
984 28
985 28
986 23
987 6
988 33
989 31
990 31
991 31
992 43
993 43
994 17
995 32
996 13
997 13
998 13
999 13
1000 21
1001 3
1002 23
1003 23
1004 35
1005 22
1006 6
1007 5
1008 14
1009 18
1010 34
1011 31
1012 24
1013 30
1014 29
1015 41
1016 4
1017 9
1018 9
1019 44
1020 44
1021 19
1022 29
1023 1
1024 38
1025 4
1026 4
1027 4
1028 2
1029 35
1030 35
1031 39
1032 39
1033 35
1034 35
1035 23
1036 34
1037 35
1038 8
1039 40
1040 41
1041 7
1042 42
1043 42
1044 42
1045 22
1046 3
1047 33
1048 8
1049 38
1050 9
1051 37
1052 6
1053 19
1054 28
1055 42
1056 10
1057 14
1058 16
1059 10
1060 15
1061 6
1062 23
1063 17
1064 37
1065 22
1066 34
1067 38
1068 7
1069 11
1070 44
1071 19
1072 8
1073 21
1074 8
1075 40
1076 14
1077 40
1078 2
1079 14
1080 35
1081 14
1082 4
1083 3
1084 37
1085 15
1086 44
1087 12
1088 7
1089 40
1090 37
1091 2
1092 34
1093 14
1094 8
1095 17
1096 37
1097 24
1098 5
1099 34
1100 40
1101 41
1102 36
1103 11
1104 28
1105 42
1106 14
1107 40
1108 35
1109 18
1110 1
1111 10
1112 41
1113 42
1114 11
1115 18
1116 22
1117 11
1118 44
1119 13
1120 23
1121 14
1122 12
1123 21
1124 18
1125 4
1126 24
1127 15
1128 38
1129 37
1130 39
1131 44
1132 23
1133 6
1134 24
1135 36
1136 42
1137 4
1138 40
1139 13
1140 44
1141 23
1142 8
1143 28
1144 30
1145 13
1146 18
1147 24
1148 13
1149 33
1150 24
1151 36
1152 11
1153 6
1154 11
1155 3
1156 44
1157 12
1158 22
1159 40
1160 23
1161 6
1162 43
1163 4
1164 42
1165 20
1166 19
1167 32
1168 29
1169 42
1170 6
1171 4
1172 27
1173 4
1174 1
1175 13
1176 5
1177 6
1178 20
1179 34
1180 20
1181 16
1182 39
1183 23
1184 13
1185 38
1186 38
1187 29
1188 30
1189 5
1190 5
1191 17
1192 17
1193 22
1194 39
1195 39
1196 39
1197 39
1198 43
1199 43
1200 12
1201 23
1202 5
1203 5
1204 35
1205 35
1206 16
1207 16
1208 42
1209 10
1210 12
1211 11
1212 10
1213 11
1214 30
1215 40
1216 13
1217 20
1218 20
1219 14
1220 4
1221 4
1222 4
1223 8
1224 43
1225 14
1226 14
1227 13
1228 43
1229 27
1230 42
1231 1
1232 38
1233 35
1234 11
1235 39
1236 8
1237 13
1238 13
1239 35
1240 15
1241 7
1242 21
1243 42
1244 31
1245 30
1246 33
1247 30
1248 30
1249 37
1250 14
1251 28
1252 39
1253 38
1254 20
1255 22
1256 39
1257 15
1258 33
1259 25
1260 30
1261 19
1262 20
1263 21
1264 37
1265 4
1266 11
1267 42
1268 6
1269 42
1270 22
1271 22
1272 4
1273 4
1274 11
1275 1
1276 43
1277 16
1278 11
1279 22
1280 44
1281 17
1282 44
1283 40
1284 27
1285 6
1286 9
1287 9
1288 40
1289 8
1290 27
1291 36
1292 40
1293 6
1294 26
1295 20
1296 4
1297 22
1298 24
1299 6
1300 14
1301 41
1302 4
1303 1
1304 13
1305 28
1306 39
1307 44
1308 13
1309 13
1310 20
1311 11
1312 24
1313 18
1314 14
1315 15
1316 4
1317 38
1318 40
1319 23
1320 13
1321 27
1322 26
1323 44
1324 24
1325 24
1326 29
1327 35
1328 11
1329 27
1330 43
1331 7
1332 2
1333 34
1334 3
1335 1
1336 41
1337 31
1338 28
1339 42
1340 13
1341 34
1342 2
1343 3
1344 35
1345 8
1346 18
1347 14
1348 38
1349 30
1350 2
1351 11
1352 37
1353 18
1354 17
1355 4
1356 25
1357 37
1358 7
1359 31
1360 35
1361 40
1362 6
1363 24
1364 28
1365 24
1366 42
1367 28
1368 39
1369 37
1370 37
1371 44
1372 22
1373 4
1374 23
1375 13
1376 2
1377 2
1378 14
1379 37
1380 35
1381 44
1382 44
1383 1
1384 3
1385 18
1386 7
1387 32
1388 32
1389 32
1390 37
1391 37
1392 23
1393 11
1394 11
1395 4
1396 4
1397 4
1398 7
1399 7
1400 7
1401 4
1402 4
1403 4
1404 13
1405 11
1406 37
1407 42
1408 32
1409 22
1410 16
1411 34
1412 36
1413 3
1414 42
1415 40
1416 40
1417 3
1418 3
1419 16
1420 27
1421 15
1422 43
1423 35
1424 42
1425 38
1426 17
1427 42
1428 18
1429 22
1430 8
1431 22
1432 24
1433 22
1434 26
1435 6
1436 42
1437 14
1438 35
1439 35
1440 28
1441 40
1442 1
1443 3
1444 9
1445 35
1446 15
1447 11
1448 25
1449 6
1450 30
1451 20
1452 22
1453 34
1454 18
1455 21
1456 26
1457 28
1458 9
1459 43
1460 10
1461 22
1462 24
1463 18
1464 23
1465 43
1466 13
1467 4
1468 31
1469 6
1470 37
1471 3
1472 17
1473 14
1474 29
1475 32
1476 11
1477 12
1478 7
1479 35
1480 22
1481 42
1482 4
1483 28
1484 13
1485 18
1486 15
1487 36
1488 12
1489 42
1490 26
1491 8
1492 7
1493 23
1494 13
1495 16
1496 16
1497 6
1498 31
1499 22
1500 44
1501 21
1502 37
1503 41
1504 7
1505 22
1506 39
1507 5
1508 4
1509 23
1510 18
1511 17
1512 29
1513 22
1514 40
1515 1
1516 1
1517 23
1518 23
1519 43
1520 37
1521 37
1522 38
1523 38
1524 13
1525 13
1526 26
1527 25
1528 4
1529 8
1530 8
1531 18
1532 18
1533 21
1534 40
1535 39
1536 42
1537 42
1538 29
1539 30
1540 6
1541 6
1542 8
1543 8
1544 8
1545 8
1546 8
1547 30
1548 30
1549 19
1550 26
1551 26
1552 4
1553 4
1554 4
1555 15
1556 15
1557 9
1558 9
1559 15
1560 15
1561 43
1562 43
1563 43
1564 43
1565 40
1566 40
1567 40
1568 40
1569 40
1570 2
1571 2
1572 2
1573 13
1574 35
1575 35
1576 35
1577 35
1578 35
1579 35
1580 35
1581 43
1582 43
1583 7
1584 30
1585 30
1586 30
1587 3
1588 31
1589 44
1590 22
1591 29
1592 29
1593 20
1594 44
1595 19
1596 17
1597 26
1598 13
1599 12
1600 17
1601 17
1602 8
1603 8
1604 8
1605 8
1606 8
1607 32
1608 32
1609 32
1610 43
1611 43
1612 27
1613 39
1614 39
1615 43
1616 43
1617 13
1618 26
1619 26
1620 27
1621 11
1622 12
1623 23
1624 16
1625 3
1626 31
1627 42
1628 42
1629 42
1630 38
1631 37
1632 38
1633 7
1634 35
1635 22
1636 28
1637 14
1638 6
1639 17
1640 11
1641 16
1642 15
1643 25
1644 37
1645 35
1646 1
1647 14
1648 9
1649 26
1650 24
1651 28
1652 24
1653 21
1654 27
1655 27
1656 41
1657 37
1658 13
1659 21
1660 13
1661 13
1662 43
1663 36
1664 42
1665 28
1666 2
1667 3
1668 23
1669 21
1670 12
1671 18
1672 39
1673 27
1674 11
1675 40
1676 28
1677 25
1678 37
1679 40
1680 42
1681 42
1682 24
1683 22
1684 44
1685 2
1686 24
1687 21
1688 36
1689 41
1690 1
1691 44
1692 13
1693 38
1694 33
1695 41
1696 30
1697 30
1698 31
1699 30
1700 30
1701 33
1702 32
1703 6
1704 12
1705 35
1706 30
1707 12
1708 15
1709 1
1710 22
1711 1
1712 38
1713 22
1714 22
1715 21
1716 28
1717 16
1718 27
1719 22
1720 26
1721 24
1722 21
1723 7
1724 17
1725 29
1726 2
1727 43
1728 7
1729 6
1730 35
1731 25
1732 6
1733 34
1734 14
1735 15
1736 13
1737 10
1738 17
1739 14
1740 3
1741 15
1742 10
1743 23
1744 18
1745 23
1746 20
1747 3
1748 30
1749 31
1750 8
1751 4
1752 26
1753 36
1754 44
1755 40
1756 17
1757 11
1758 36
1759 42
1760 41
1761 39
1762 11
1763 30
1764 10
1765 35
1766 7
1767 21
1768 14
1769 36
1770 21
1771 28
1772 14
1773 4
1774 18
1775 9
1776 5
1777 22
1778 7
1779 8
1780 4
1781 22
1782 43
1783 22
1784 38
1785 16
1786 4
1787 35
1788 4
1789 8
1790 43
1791 11
1792 17
1793 4
1794 4
1795 19
1796 20
1797 20
1798 7
1799 35
1800 7
1801 7
1802 7
1803 1
1804 22
1805 17
1806 18
1807 18
1808 38
1809 38
1810 35
1811 35
1812 35
1813 7
1814 7
1815 25
1816 31
1817 31
1818 6
1819 9
1820 9
1821 13
1822 29
1823 29
1824 16
1825 3
1826 3
1827 30
1828 30
1829 43
1830 42
1831 42
1832 42
1833 39
1834 40
1835 15
1836 43
1837 43
1838 39
1839 21
1840 24
1841 30
1842 13
1843 13
1844 30
1845 29
1846 31
1847 8
1848 8
1849 31
1850 29
1851 26
1852 24
1853 17
1854 15
1855 30
1856 39
1857 39
1858 1
1859 3
1860 35
1861 22
1862 22
1863 23
1864 35
1865 35
1866 35
1867 25
1868 26
1869 26
1870 42
1871 21
1872 22
1873 44
1874 39
1875 40
1876 40
1877 9
1878 9
1879 24
1880 24
1881 8
1882 42
1883 24
1884 6
1885 10
1886 37
1887 28
1888 20
1889 35
1890 34
1891 30
1892 30
1893 4
1894 6
1895 6
1896 21
1897 4
1898 14
1899 12
1900 2
1901 35
1902 36
1903 32
1904 35
1905 14
1906 7
1907 38
1908 20
1909 40
1910 15
1911 23
1912 26
1913 43
1914 42
1915 12
1916 27
1917 28
1918 28
1919 28
1920 27
1921 28
1922 38
1923 36
1924 11
1925 41
1926 14
1927 6
1928 43
1929 40
1930 27
1931 16
1932 18
1933 23
1934 42
1935 35
1936 28
1937 28
1938 42
1939 14
1940 42
1941 42
1942 32
1943 1
1944 27
1945 14
1946 15
1947 42
1948 4
1949 39
1950 35
1951 12
1952 40
1953 20
1954 28
1955 13
1956 2
1957 39
1958 19
1959 11
1960 43
1961 21
1962 38
1963 6
1964 7
1965 28
1966 8
1967 26
1968 37
1969 35
1970 29
1971 1
1972 42
1973 1
1974 42
1975 5
1976 43
1977 8
1978 38
1979 29
1980 13
1981 38
1982 42
1983 28
1984 42
1985 22
1986 14
1987 38
1988 34
1989 3
1990 42
1991 36
1992 44
1993 2
1994 23
1995 22
1996 42
1997 4
1998 44
1999 35
2000 23
2001 26
2002 8
2003 34
2004 10
2005 40
2006 14
2007 8
2008 41
2009 8
2010 11
2011 42
2012 30
2013 22
2014 43
2015 20
2016 41
2017 39
2018 24
2019 38
2020 40
2021 22
2022 6
2023 12
2024 43
2025 27
2026 15
2027 42
2028 2
2029 24
2030 5
2031 18
2032 30
2033 4
2034 36
2035 22
2036 27
2037 1
2038 1
2039 12
2040 13
2041 13
2042 42
2043 42
2044 36
2045 36
2046 37
2047 37
2048 31
2049 31
2050 11
2051 11
2052 8
2053 16
2054 16
2055 16
2056 40
2057 20
2058 18
2059 6
2060 40
2061 43
2062 17
2063 17
2064 16
2065 1
2066 1
2067 1
2068 23
2069 42
2070 42
2071 42
2072 42
2073 23
2074 21
2075 9
2076 42
2077 42
2078 23
2079 15
2080 15
2081 6
2082 8
2083 24
2084 24
2085 24
2086 24
2087 24
2088 7
2089 7
2090 9
2091 18
2092 7
2093 7
2094 7
2095 7
2096 17
2097 34
2098 14
2099 27
2100 27
2101 10
2102 10
2103 27
2104 21
2105 5
2106 26
2107 43
2108 42
2109 8
2110 8
2111 31
2112 24
2113 24
2114 30
2115 6
2116 17
2117 3
2118 3
2119 27
2120 8
2121 8
2122 42
2123 36
2124 38
2125 31
2126 29
2127 29
2128 15
2129 30
2130 32
2131 32
2132 29
2133 13
2134 35
2135 15
2136 37
2137 22
2138 21
2139 25
2140 13
2141 2
2142 27
2143 24
2144 35
2145 6
2146 36
2147 13
2148 4
2149 15
2150 26
2151 4
2152 6
2153 44
2154 21
2155 1
2156 9
2157 21
2158 41
2159 42
2160 39
2161 41
2162 28
2163 11
2164 34
2165 43
2166 21
2167 22
2168 11
2169 27
2170 13
2171 21
2172 44
2173 22
2174 4
2175 4
2176 44
2177 39
2178 18
2179 17
2180 15
2181 29
2182 23
2183 22
2184 24
2185 22
2186 8
2187 15
2188 41
2189 4
2190 8
2191 33
2192 11
2193 6
2194 22
2195 3
2196 4
2197 27
2198 39
2199 1
2200 34
2201 31
2202 14
2203 31
2204 43
2205 12
2206 39
2207 39
2208 4
2209 40
2210 16
2211 20
2212 37
2213 42
2214 38
2215 39
2216 37
2217 22
2218 3
2219 19
2220 30
2221 30
2222 36
2223 30
2224 4
2225 36
2226 38
2227 36
2228 43
2229 38
2230 17
2231 35
2232 15
2233 42
2234 2
2235 26
2236 21
2237 22
2238 24
2239 12
2240 43
2241 37
2242 1
2243 14
2244 30
2245 4
2246 42
2247 32
2248 31
2249 32
2250 40
2251 29
2252 6
2253 7
2254 13
2255 23
2256 2
2257 26
2258 19
2259 13
2260 4
2261 18
2262 37
2263 35
2264 26
2265 42
2266 40
2267 18
2268 41
2269 37
2270 4
2271 10
2272 30
2273 33
2274 30
2275 28
2276 30
2277 6
2278 20
2279 24
2280 30
2281 22
2282 27
2283 15
2284 30
2285 21
2286 6
2287 42
2288 42
2289 1
2290 13
2291 27
2292 11
2293 41
2294 26
2295 22
2296 22
2297 13
2298 42
2299 29
2300 29
2301 31
2302 20
2303 20
2304 8
2305 42
2306 42
2307 19
2308 24
2309 28
2310 28
2311 6
2312 42
2313 11
2314 11
2315 9
2316 17
2317 17
2318 39
2319 39
2320 39
2321 39
2322 39
2323 35
2324 16
2325 42
2326 31
2327 13
2328 19
2329 19
2330 25
2331 21
2332 42
2333 20
2334 42
2335 42
2336 35
2337 35
2338 26
2339 1
2340 15
2341 43
2342 33
2343 1
2344 31
2345 44
2346 23
2347 30
2348 24
2349 6
2350 13
2351 34
2352 13
2353 41
2354 7
2355 29
2356 15
2357 17
2358 21
2359 43
2360 24
2361 40
2362 21
2363 8
2364 41
2365 18
2366 8
2367 15
2368 41
2369 41
2370 13
2371 12
2372 11
2373 33
2374 4
2375 15
2376 23
2377 37
2378 19
2379 43
2380 17
2381 13
2382 39
2383 26
2384 42
2385 6
2386 31
2387 18
2388 32
2389 3
2390 21
2391 35
2392 37
2393 29
2394 11
2395 3
2396 42
2397 13
2398 15
2399 41
2400 11
2401 21
2402 21
2403 26
2404 39
2405 23
2406 24
2407 6
2408 28
2409 18
2410 19
2411 39
2412 10
2413 11
2414 22
2415 11
2416 14
2417 35
2418 42
2419 25
2420 13
2421 41
2422 22
2423 13
2424 28
2425 21
2426 1
2427 42
2428 42
2429 6
2430 25
2431 4
2432 24
2433 28
2434 13
2435 30
2436 38
2437 40
2438 18
2439 22
2440 3
2441 2
2442 32
2443 22
2444 9
2445 20
2446 40
2447 40
2448 40
2449 37
2450 14
2451 25
2452 31
2453 1
2454 37
2455 34
2456 35
2457 14
2458 39
2459 21
2460 23
2461 5
2462 7
2463 7
2464 7
2465 7
2466 7
2467 7
2468 7
2469 7
2470 9
2471 7
2472 9
2473 7
2474 7
2475 7
2476 22
2477 22
2478 22
2479 22
2480 22
2481 22
2482 22
2483 22
2484 22
2485 18
2486 14
2487 14
2488 14
2489 9
2490 9
2491 6
2492 6
2493 9
2494 9
2495 5
2496 6
2497 5
2498 6
2499 6
2500 6
2501 6
2502 6
2503 6
2504 6
2505 6
2506 6
2507 6
2508 6
2509 6
2510 6
2511 6
2512 6
2513 6
2514 6
2515 6
2516 6
2517 6
2518 6
2519 6
2520 6
2521 6
2522 21
2523 23
2524 22
2525 33
2526 7
2527 7
2528 7
2529 35
2530 35
2531 14
2532 14
2533 6
2534 6
2535 6
2536 14
2537 6
2538 6
2539 6
2540 6
2541 5
2542 6
2543 5
2544 5
2545 5
2546 5
2547 5
2548 5
2549 5
2550 4
2551 5
2552 4
2553 4
2554 4
2555 2
2556 5
2557 5
2558 5
2559 2
2560 4
2561 2
2562 2
2563 2
2564 2
2565 2
2566 5
2567 5
2568 5
2569 5
2570 5
2571 5
2572 5
2573 5
2574 2
2575 2
2576 2
2577 2
2578 5
2579 5
2580 2
2581 14
2582 2
2583 14
2584 2
2585 14
2586 14
2587 12
2588 12
2589 12
2590 12
2591 12
2592 12
2593 12
2594 36
2595 11
2596 36
2597 36
2598 37
2599 35
2600 35
2601 37
2602 37
2603 37
2604 37
2605 37
2606 37
2607 37
2608 37
2609 37
2610 37
2611 37
2612 37
2613 37
2614 36
2615 36
2616 11
2617 11
2618 11
2619 11
2620 12
2621 12
2622 11
2623 12
2624 12
2625 12
2626 12
2627 12
2628 12
2629 2
2630 2
2631 2
2632 2
2633 2
2634 2
2635 4
2636 4
2637 4
2638 4
2639 4
2640 4
2641 2
2642 3
2643 3
2644 3
2645 3
2646 3
2647 3
2648 2
2649 2
2650 3
2651 3
2652 3
2653 3
2654 3
2655 3
2656 3
2657 3
2658 2
2659 3
2660 1
2661 1
2662 1
2663 12
2664 12
2665 11
2666 12
2667 38
2668 36
2669 36
2670 38
2671 37
2672 38
2673 3
2674 3
2675 3
2676 3
2677 28
2678 33
2679 6
2680 33
2681 33
2682 30
2683 33
2684 33
2685 14
2686 9
2687 3
2688 9
2689 22
2690 40
2691 36
2692 36
2693 36
2694 37
2695 34
2696 3
2697 15
2698 16
2699 16
2700 15
2701 15
2702 15
2703 15
2704 16
2705 16
2706 16
2707 16
2708 16
2709 16
2710 16
2711 16
2712 16
2713 15
2714 17
2715 20
2716 16
2717 17
2718 17
2719 17
2720 20
2721 20
2722 20
2723 20
2724 20
2725 20
2726 20
2727 20
2728 20
2729 20
2730 20
2731 18
2732 18
2733 18
2734 7
2735 7
2736 18
2737 7
2738 7
2739 18
2740 7
2741 7
2742 7
2743 7
2744 7
2745 7
2746 7
2747 7
2748 7
2749 18
2750 18
2751 18
2752 20
2753 20
2754 16
2755 16
2756 18
2757 18
2758 18
2759 18
2760 18
2761 18
2762 18
2763 18
2764 20
2765 18
2766 20
2767 20
2768 17
2769 17
2770 17
2771 17
2772 20
2773 17
2774 17
2775 17
2776 17
2777 17
2778 17
2779 17
2780 17
2781 17
2782 40
2783 40
2784 17
2785 17
2786 15
2787 15
2788 15
2789 40
2790 15
2791 15
2792 15
2793 15
2794 15
2795 15
2796 15
2797 15
2798 15
2799 15
2800 15
2801 15
2802 32
2803 15
2804 15
2805 32
2806 15
2807 15
2808 15
2809 15
2810 15
2811 15
2812 40
2813 40
2814 39
2815 39
2816 39
2817 40
2818 40
2819 40
2820 40
2821 40
2822 40
2823 40
2824 40
2825 17
2826 40
2827 40
2828 40
2829 22
2830 17
2831 40
2832 40
2833 40
2834 18
2835 18
2836 14
2837 18
2838 18
2839 14
2840 14
2841 14
2842 14
2843 14
2844 14
2845 14
2846 14
2847 14
2848 14
2849 14
2850 14
2851 14
2852 14
2853 14
2854 14
2855 14
2856 21
2857 14
2858 21
2859 21
2860 21
2861 21
2862 21
2863 21
2864 23
2865 22
2866 23
2867 23
2868 23
2869 23
2870 23
2871 40
2872 23
2873 23
2874 23
2875 23
2876 23
2877 23
2878 23
2879 23
2880 40
2881 40
2882 40
2883 40
2884 40
2885 40
2886 40
2887 40
2888 40
2889 40
2890 40
2891 40
2892 32
2893 32
2894 39
2895 39
2896 39
2897 39
2898 32
2899 32
2900 32
2901 32
2902 32
2903 32
2904 40
2905 40
2906 33
2907 33
2908 33
2909 33
2910 33
2911 33
2912 33
2913 33
2914 33
2915 43
2916 43
2917 43
2918 43
2919 33
2920 41
2921 33
2922 33
2923 33
2924 33
2925 33
2926 33
2927 33
2928 33
2929 33
2930 31
2931 41
2932 41
2933 41
2934 33
2935 33
2936 32
2937 41
2938 41
2939 43
2940 43
2941 43
2942 43
2943 43
2944 43
2945 41
2946 41
2947 41
2948 41
2949 41
2950 41
2951 41
2952 41
2953 34
2954 34
2955 34
2956 41
2957 40
2958 42
2959 23
2960 34
2961 34
2962 34
2963 34
2964 23
2965 40
2966 23
2967 23
2968 23
2969 23
2970 23
2971 23
2972 23
2973 23
2974 23
2975 23
2976 23
2977 35
2978 23
2979 35
2980 36
2981 23
2982 23
2983 13
2984 23
2985 36
2986 36
2987 23
2988 21
2989 13
2990 13
2991 13
2992 13
2993 13
2994 14
2995 21
2996 25
2997 13
2998 13
2999 14
3000 13
3001 14
3002 14
3003 14
3004 14
3005 14
3006 14
3007 14
3008 14
3009 14
3010 14
3011 14
3012 14
3013 14
3014 14
3015 36
3016 36
3017 36
3018 36
3019 36
3020 36
3021 36
3022 36
3023 36
3024 36
3025 13
3026 13
3027 36
3028 36
3029 36
3030 36
3031 36
3032 36
3033 36
3034 36
3035 34
3036 34
3037 34
3038 34
3039 34
3040 34
3041 37
3042 37
3043 34
3044 34
3045 34
3046 34
3047 34
3048 34
3049 34
3050 34
3051 34
3052 34
3053 34
3054 34
3055 34
3056 34
3057 34
3058 34
3059 34
3060 43
3061 34
3062 41
3063 43
3064 34
3065 41
3066 41
3067 43
3068 34
3069 43
3070 43
3071 43
3072 34
3073 44
3074 34
3075 44
3076 44
3077 44
3078 44
3079 44
3080 34
3081 34
3082 34
3083 34
3084 34
3085 44
3086 44
3087 44
3088 37
3089 37
3090 37
3091 37
3092 37
3093 37
3094 37
3095 36
3096 36
3097 36
3098 36
3099 11
3100 36
3101 11
3102 36
3103 11
3104 10
3105 11
3106 11
3107 11
3108 12
3109 12
3110 1
3111 1
3112 1
3113 1
3114 1
3115 3
3116 3
3117 3
3118 3
3119 3
3120 1
3121 1
3122 1
3123 3
3124 3
3125 12
3126 12
3127 12
3128 12
3129 12
3130 12
3131 10
3132 10
3133 10
3134 10
3135 10
3136 10
3137 10
3138 10
3139 10
3140 10
3141 12
3142 10
3143 10
3144 10
3145 10
3146 10
3147 10
3148 38
3149 10
3150 10
3151 36
3152 36
3153 38
3154 38
3155 38
3156 38
3157 38
3158 38
3159 38
3160 38
3161 38
3162 38
3163 38
3164 38
3165 37
3166 37
3167 37
3168 37
3169 37
3170 37
3171 38
3172 44
3173 44
3174 44
3175 44
3176 44
3177 44
3178 44
3179 44
3180 37
3181 37
3182 37
3183 37
3184 37
3185 37
3186 37
3187 37
3188 44
3189 44
3190 44
3191 44
3192 38
3193 38
3194 38
3195 38
3196 38
3197 38
3198 38
3199 38
3200 38
3201 38
3202 38
3203 38
3204 38
3205 38
3206 38
3207 38
3208 38
3209 38
3210 38
3211 38
3212 38
3213 38
3214 10
3215 10
3216 10
3217 38
3218 10
3219 10
3220 10
3221 10
3222 10
3223 10
3224 10
3225 10
3226 12
3227 1
3228 1
3229 1
3230 1
3231 1
3232 1
3233 1
3234 3
3235 3
3236 3
3237 3
3238 3
3239 3
3240 3
3241 3
3242 3
3243 3
3244 3
3245 3
3246 3
3247 3
3248 3
3249 43
3250 16
3251 16
3252 36
3253 14
3254 14
3255 41
3256 34
3257 34
3258 17
3259 15
3260 40
3261 38
3262 2
3263 4
3264 10
3265 10
3266 14
3267 14
3268 12
3269 14
3270 14
3271 14
3272 24
3273 19
3274 16
3275 18
3276 7
3277 23
3278 23
3279 36
3280 13
3281 3
3282 3
3283 2
3284 3
3285 6
3286 6
3287 6
3288 33
3289 33
3290 33
3291 14
3292 2
3293 23
3294 23
3295 6
3296 9
3297 6
3298 24
3299 12
3300 12
3301 12
3302 4
3303 3
3304 4
3305 12
3306 1
3307 3
3308 3
3309 3
3310 2
3311 3
3312 32
3313 33
3314 32
3315 7
3316 7
3317 5
3318 5
3319 38
3320 22
3321 22
3322 18
3323 3
3324 3
3325 41
3326 16
3327 12
3328 12
3329 12
3330 41
3331 43
3332 43
3333 43
3334 43
3335 12
3336 11
3337 11
3338 15
3339 15
3340 6
3341 10
3342 38
3343 10
3344 36
3345 14
3346 36
3347 36
3348 36
3349 6
3350 14
3351 14
3352 35
3353 36
3354 35
3355 14
3356 14
3357 38
3358 37
3359 37
3360 1
3361 41
3362 1
3363 1
3364 15
3365 34
3366 43
3367 18
3368 17
3369 6
3370 6
3371 6
3372 43
3373 44
3374 34
3375 44
3376 3
3377 37
3378 37
3379 37
3380 37
3381 2
3382 32
3383 32
3384 33
3385 41
3386 14
3387 14
3388 6
3389 14
3390 6
3391 6
3392 12
3393 37
3394 2
3395 1
3396 34
3397 37
3398 37
3399 37
3400 37
3401 13
3402 14
3403 34
3404 35
3405 35
3406 23
3407 23
3408 34
3409 6
3410 6
3411 7
3412 14
3413 14
3414 14
3415 14
3416 11
3417 36
3418 8
3419 15
3420 13
3421 13
3422 3
3423 35
3424 12
3425 10
3426 1
3427 7
3428 32
3429 14
3430 12
3431 2
3432 34
3433 15
3434 41
3435 6
3436 14
3437 4
3438 1
3439 22
3440 41
3441 36
3442 12
3443 44
3444 2
3445 13
3446 41
3447 43
3448 21
3449 37
3450 6
3451 14
3452 6
3453 21
3454 23
3455 36
3456 7
3457 43
3458 36
3459 33
3460 31
3461 21
3462 13
3463 3
3464 5
3465 23
3466 15
3467 11
3468 33
3469 14
3470 31
3471 17
3472 24
3473 14
3474 42
3475 41
3476 20
3477 44
3478 41
3479 18
3480 31
3481 3
3482 38
3483 20
3484 38
3485 6
3486 2
3487 11
3488 18
3489 37
3490 3
3491 44
3492 40
3493 38
3494 31
3495 22
3496 40
3497 21
3498 13
3499 40
3500 14
3501 7
3502 8
3503 18
3504 15
3505 30
3506 6
3507 37
3508 28
3509 7
3510 43
3511 37
3512 33
3513 11
3514 14
3515 34
3516 23
3517 9
3518 14
3519 18
3520 44
3521 43
3522 17
3523 34
3524 40
3525 7
3526 1
3527 14
3528 17
3529 10
3530 11
3531 9
3532 10
3533 3
3534 12
3535 36
3536 9
3537 14
3538 23
3539 14
3540 23
3541 9
3542 36
3543 14
3544 23
3545 9
3546 36
3547 6
3548 3
3549 40
3550 4
3551 13
3552 35
3553 6
3554 34
3555 18
3556 39
3557 40
3558 35
3559 28
3560 40
3561 22
3562 10
3563 18
3564 1
3565 4
3566 3
3567 7
3568 9
3569 42
3570 41
3571 6
3572 40
3573 32
3574 23
3575 25
3576 12
3577 43
3578 34
3579 2
3580 42
3581 23
3582 18
3583 38
3584 15
3585 18
3586 44
3587 40
3588 41
3589 6
3590 3
3591 23
3592 41
3593 20
3594 18
3595 15
3596 7
3597 15
3598 41
3599 18
3600 37
3601 13
3602 37
3603 15
3604 12
3605 22
3606 14
3607 37
3608 41
3609 37
3610 10
3611 10
3612 41
3613 23
3614 21
3615 33
3616 23
3617 12
3618 31
3619 38
3620 26
3621 37
3622 13
3623 1
3624 41
3625 18
3626 38
3627 17
3628 14
3629 14
3630 22
3631 40
3632 22
3633 14
3634 31
3635 22
3636 12
3637 44
3638 9
3639 2
3640 38
3641 9
3642 3
3643 38
3644 1
3645 28
3646 4
3647 20
3648 3
3649 7
3650 9
3651 40
3652 3
3653 3
3654 4
3655 40
3656 14
3657 36
3658 3
3659 7
3660 23
3661 44
3662 21
3663 18
3664 14
3665 3
3666 1
3667 41
3668 38
3669 7
3670 34
3671 2
3672 14
3673 37
3674 32
3675 8
3676 6
3677 40
3678 37
3679 37
3680 8
3681 34
3682 13
3683 28
3684 25
3685 7
3686 34
3687 40
3688 15
3689 37
3690 25
3691 37
3692 36
3693 12
3694 32
3695 15
3696 37
3697 14
3698 34
3699 28
3700 36
3701 10
3702 5
3703 32
3704 3
3705 23
3706 5
3707 3
3708 41
3709 5
3710 5
3711 40
3712 33
3713 15
3714 14
3715 5
3716 4
3717 25
3718 36
3719 36
3720 6
3721 12
3722 5
3723 40
3724 3
3725 16
3726 3
3727 16
3728 40
3729 2
3730 11
3731 23
3732 4
3733 12
3734 18
3735 22
3736 43
3737 36
3738 7
3739 25
3740 37
3741 44
3742 32
3743 16
3744 20
3745 17
3746 15
3747 20
3748 22
3749 13
3750 2
3751 25
3752 35
3753 37
3754 2
3755 34
3756 1
3757 35
3758 36
3759 2
3760 37
3761 19
3762 14
3763 14
3764 18
3765 17
3766 40
3767 3
3768 1
3769 17
3770 23
3771 41
3772 13
3773 36
3774 12
3775 21
3776 20
3777 37
3778 2
3779 37
3780 2
3781 21
3782 3
3783 13
3784 41
3785 43
3786 43
3787 14
3788 21
3789 2
3790 37
3791 6
3792 3
3793 37
3794 6
3795 18
3796 34
3797 12
3798 1
3799 5
3800 43
3801 3
3802 6
3803 32
3804 34
3805 14
3806 14
3807 6
3808 2
3809 34
3810 6
3811 1
3812 11
3813 14
3814 41
3815 43
3816 12
3817 43
3818 23
3819 11
3820 37
3821 17
3822 5
3823 21
3824 14
3825 22
3826 7
3827 36
3828 14
3829 7
3830 23
3831 43
3832 11
3833 33
3834 7
3835 14
3836 41
3837 42
3838 31
3839 18
3840 16
3841 36
3842 23
3843 17
3844 7
3845 5
3846 7
3847 17
3848 33
3849 12
3850 16
3851 22
3852 13
3853 14
3854 14
3855 3
3856 7
3857 12
3858 34
3859 14
3860 6
3861 14
3862 40
3863 37
3864 10
3865 4
3866 23
3867 3
3868 6
3869 13
3870 33
3871 10
3872 15
3873 12
3874 22
3875 33
3876 14
3877 37
3878 2
3879 31
3880 21
3881 16
3882 7
3883 24
3884 38
3885 14
3886 9
3887 8
3888 41
3889 14
3890 44
3891 5
3892 35
3893 42
3894 34
3895 20
3896 41
3897 43
3898 20
3899 38
3900 43
3901 6
3902 3
3903 23
3904 2
3905 38
3906 17
3907 14
3908 20
3909 11
3910 41
3911 7
3912 11
3913 37
3914 44
3915 21
3916 7
3917 21
3918 21
3919 15
3920 15
3921 38
3922 32
3923 36
3924 7
3925 6
3926 40
3927 14
3928 14
3929 2
3930 15
3931 30
3932 18
3933 14
3934 14
3935 14
3936 33
3937 18
3938 44
3939 6
3940 23
3941 6
3942 6
3943 43
3944 33
3945 34
3946 23
3947 11
3948 14
3949 6
3950 43
3951 2
3952 18
3953 22
3954 34
3955 23
3956 17
3957 36
3958 33
3959 37
3960 6
3961 35
3962 44
3963 21
3964 34
3965 9
3966 7
3967 36
3968 38
3969 40
3970 9
3971 12
3972 41
3973 7
3974 1
3975 37
3976 37
3977 15
3978 40
3979 32
3980 11
3981 2
3982 34
3983 18
3984 44
3985 10
3986 23
3987 23
3988 36
3989 3
3990 40
3991 13
3992 35
3993 1
3994 23
3995 12
3996 23
3997 9
3998 14
3999 11
4000 10
4001 23
4002 9
4003 36
4004 1
4005 23
4006 14
4007 44
4008 6
4009 9
4010 22
4011 36
4012 9
4013 38
4014 36
4015 14
4016 11
4017 6
4018 40
4019 44
4020 3
4021 22
4022 3
4023 40
4024 15
4025 4
4026 36
4027 2
4028 43
4029 34
4030 4
4031 3
4032 15
4033 36
4034 35
4035 3
4036 11
4037 20
4038 21
4039 5
4040 7
4041 28
4042 38
4043 12
4044 39
4045 36
4046 10
4047 7
4048 21
4049 23
4050 38
4051 16
4052 40
4053 16
4054 40
4055 40
4056 23
4057 6
4058 14
4059 2
4060 10
4061 22
4062 18
4063 34
4064 14
4065 44
4066 3
4067 2
4068 36
4069 23
4070 12
4071 37
4072 4
4073 31
4074 17
4075 6
4076 12
4077 12
4078 39
4079 33
4080 18
4081 33
4082 20
4083 31
4084 41
4085 44
4086 20
4087 21
4088 11
4089 43
4090 23
4091 23
4092 12
4093 9
4094 18
4095 21
4096 6
4097 17
4098 23
4099 12
4100 7
4101 42
4102 14
4103 44
4104 23
4105 41
4106 18
4107 40
4108 22
4109 38
4110 34
4111 14
4112 3
4113 2
4114 21
4115 1
4116 40
4117 20
4118 18
4119 16
4120 14
4121 6
4122 21
4123 6
4124 38
4125 22
4126 6
4127 6
4128 41
4129 44
4130 22
4131 23
4132 4
4133 18
4134 32
4135 20
4136 37
4137 2
4138 6
4139 13
4140 44
4141 37
4142 37
4143 33
4144 15
4145 7
4146 36
4147 37
4148 7
4149 38
4150 26
4151 34
4152 20
4153 9
4154 23
4155 15
4156 3
4157 2
4158 37
4159 14
4160 18
4161 22
4162 44
4163 34
4164 14
4165 4
4166 12
4167 17
4168 43
4169 14
4170 6
4171 3
4172 2
4173 14
4174 5
4175 37
4176 20
4177 21
4178 17
4179 18
4180 22
4181 12
4182 38
4183 12
4184 13
4185 10
4186 14
4187 36
4188 7
4189 20
4190 35
4191 37
4192 22
4193 7
4194 7
4195 14
4196 35
4197 3
4198 3
4199 11
4200 23
4201 38
4202 40
4203 43
4204 6
4205 44
4206 12
4207 12
4208 14
4209 15
4210 40
4211 3
4212 11
4213 34
4214 3
4215 38
4216 22
4217 20
4218 1
4219 12
4220 34
4221 43
4222 14
4223 43
4224 38
4225 23
4226 18
4227 43
4228 37
4229 18
4230 44
4231 15
4232 15
4233 4
4234 3
4235 22
4236 10
4237 2
4238 3
4239 9
4240 40
4241 9
4242 3
4243 4
4244 3
4245 21
4246 4
4247 4
4248 5
4249 39
4250 12
4251 40
4252 1
4253 37
4254 1
4255 43
4256 26
4257 14
4258 23
4259 37
4260 1
4261 2
4262 36
4263 22
4264 10
4265 40
4266 9
4267 23
4268 6
4269 6
4270 1
4271 38
4272 7
4273 2
4274 23
4275 37
4276 31
4277 20
4278 28
4279 23
4280 7
4281 41
4282 7
4283 43
4284 39
4285 7
4286 2
4287 10
4288 20
4289 15
4290 36
4291 8
4292 3
4293 40
4294 6
4295 44
4296 18
4297 18
4298 10
4299 14
4300 26
4301 12
4302 2
4303 12
4304 11
4305 43
4306 34
4307 33
4308 6
4309 40
4310 6
4311 37
4312 20
4313 28
4314 14
4315 7
4316 1
4317 35
4318 33
4319 1
4320 33
4321 16
4322 3
4323 38
4324 6
4325 36
4326 20
4327 43
4328 37
4329 11
4330 34
4331 34
4332 35
4333 3
4334 14
4335 20
4336 34
4337 40
4338 17
4339 43
4340 44
4341 16
4342 12
4343 7
4344 34
4345 12
4346 23
4347 38
4348 17
4349 38
4350 12
4351 14
4352 10
4353 37
4354 11
4355 16
4356 3
4357 16
4358 13
4359 43
4360 14
4361 1
4362 43
4363 38
4364 14
4365 33
4366 18
4367 15
4368 21
4369 9
4370 2
4371 7
4372 6
4373 43
4374 37
4375 14
4376 1
4377 25
4378 23
4379 22
4380 9
4381 12
4382 23
4383 3
4384 37
4385 40
4386 34
4387 17
4388 9
4389 42
4390 34
4391 19
4392 3
4393 37
4394 39
4395 36
4396 3
4397 6
4398 37
4399 14
4400 35
4401 14
4402 34
4403 36
4404 3
4405 40
4406 6
4407 17
4408 6
4409 10
4410 12
4411 22
4412 43
4413 34
4414 18
4415 23
4416 14
4417 10
4418 1
4419 23
4420 3
4421 18
4422 10
4423 14
4424 23
4425 10
4426 7
4427 18
4428 3
4429 32
4430 9
4431 17
4432 14
4433 44
4434 35
4435 14
4436 20
4437 3
4438 41
4439 23
4440 3
4441 5
4442 11
4443 9
4444 34
4445 6
4446 38
4447 6
4448 12
4449 5
4450 43
4451 1
4452 38
4453 2
4454 23
4455 37
4456 33
4457 13
4458 31
4459 9
4460 44
4461 38
4462 41
4463 15
4464 23
4465 22
4466 20
4467 3
4468 14
4469 2
4470 4
4471 36
4472 15
4473 43
4474 41
4475 23
4476 16
4477 5
4478 14
4479 20
4480 41
4481 15
4482 35
4483 20
4484 23
4485 7
4486 15
4487 41
4488 23
4489 43
4490 18
4491 12
4492 34
4493 22
4494 32
4495 7
4496 38
4497 34
4498 40
4499 40
4500 1
4501 15
4502 41
4503 40
4504 5
4505 41
4506 3
4507 38
4508 14
4509 1
4510 38
4511 36
4512 40
4513 41
4514 3
4515 9
4516 17
4517 12
4518 34
4519 6
4520 14
4521 29
4522 37
4523 40
4524 14
4525 18
4526 2
4527 22
4528 21
4529 12
4530 36
4531 6
4532 44
4533 22
4534 41
4535 7
4536 43
4537 3
4538 31
4539 20
4540 37
4541 17
4542 34
4543 2
4544 29
4545 39
4546 7
4547 42
4548 38
4549 3
4550 3
4551 38
4552 36
4553 12
4554 12
4555 5
4556 13
4557 12
4558 6
4559 14
4560 23
4561 4
4562 20
4563 7
4564 18
4565 7
4566 36
4567 6
4568 21
4569 3
4570 37
4571 34
4572 7
4573 43
4574 40
4575 43
4576 41
4577 38
4578 36
4579 37
4580 7
4581 41
4582 23
4583 36
4584 16
4585 33
4586 2
4587 13
4588 36
4589 14
4590 34
4591 3
4592 33
4593 23
4594 9
4595 37
4596 2
4597 18
4598 5
4599 20
4600 9
4601 36
4602 20
4603 40
4604 22
4605 34
4606 28
4607 5
4608 6
4609 21
4610 23
4611 1
4612 33
4613 40
4614 34
4615 2
4616 1
4617 6
4618 15
4619 40
4620 2
4621 35
4622 32
4623 15
4624 40
4625 28
4626 32
4627 1
4628 15
4629 37
4630 4
4631 37
4632 6
4633 6
4634 15
4635 40
4636 33
4637 5
4638 14
4639 11
4640 34
4641 41
4642 14
4643 14
4644 7
4645 13
4646 41
4647 18
4648 10
4649 11
4650 40
4651 36
4652 9
4653 40
4654 7
4655 41
4656 10
4657 23
4658 26
4659 18
4660 12
4661 38
4662 23
4663 7
4664 11
4665 23
4666 34
4667 34
4668 34
4669 44
4670 37
4671 25
4672 44
4673 37
4674 15
4675 1
4676 40
4677 36
4678 18
4679 40
4680 36
4681 33
4682 10
4683 12
4684 12
4685 36
4686 14
4687 36
4688 40
4689 20
4690 32
4691 24
4692 15
4693 18
4694 34
4695 14
4696 10
4697 6
4698 18
