1 483 0 2
3 624 0 2
5 808 0 2
8 802 0 2
16 1882 0 2
509 1283 0 2
595 791 0 2
1368 4705 0 3
2322 4706 0 4
425 1032 0 2
429 797 0 2
406 4023 0 2
2814 2816 0 2
74 1159 0 2
721 1130 0 2
1306 4713 0 3
1318 4712 0 3
2893 2899 0 2
269 1197 0 2
2017 4717 0 3
2206 4718 0 4
2411 4719 0 5
1614 2404 0 2
114 398 0 2
874 4722 0 3
410 943 0 2
1949 4723 0 4
1761 4724 0 3
1252 4249 0 2
19 351 0 2
20 1852 0 2
21 440 0 2
22 1536 0 2
23 715 0 2
24 553 0 2
25 273 0 2
26 594 0 2
27 239 0 2
28 865 0 2
29 2212 0 2
30 1281 0 2
31 185 0 2
32 280 0 2
33 639 0 2
34 543 0 2
35 244 0 2
36 490 0 2
37 1346 0 2
38 246 0 2
39 198 0 2
40 488 0 2
41 1071 0 2
42 283 0 2
43 386 0 2
44 555 0 2
45 1970 0 2
46 1226 0 2
47 252 0 2
48 444 0 2
49 253 0 2
50 1068 0 2
51 209 0 2
52 402 0 2
53 1077 0 2
54 1027 0 2
697 1131 0 2
1754 4764 0 3
1140 3077 0 2
56 2496 0 2
57 453 0 2
58 511 0 2
59 627 0 2
61 803 0 2
62 686 0 2
63 610 0 2
3033 3758 0 2
65 460 0 2
66 1413 0 2
2783 3926 0 2
71 3236 0 2
212 1956 0 2
2657 4569 0 2
2648 4779 0 3
3234 3726 0 2
3235 3801 0 2
3237 4778 0 3
3239 4784 0 4
3309 3792 0 2
3311 4537 0 2
2441 2631 0 2
3283 4781 0 4
3780 4789 0 5
3303 4198 0 2
4113 4790 0 6
4370 4792 0 7
4514 4791 0 3
3310 3878 0 2
4234 4786 0 3
4261 4795 0 3
4526 4797 0 4
3117 3118 0 2
3308 4799 0 3
2218 4022 0 2
482 611 0 2
868 3232 0 2
3363 4803 0 3
4418 4804 0 4
3376 4171 0 2
4020 4783 0 3
4156 4807 0 4
4467 4808 0 5
4211 4806 0 3
4214 4810 0 4
4333 4811 0 5
4356 4812 0 6
3362 4115 0 2
4627 4814 0 3
3238 3241 0 2
3243 4816 0 3
3245 4817 0 4
722 1352 0 2
1470 4819 0 3
2262 4820 0 4
2200 3082 0 2
75 1254 0 2
76 579 0 2
77 1737 0 2
78 174 0 2
80 1278 0 2
81 687 0 2
82 192 0 2
83 2915 0 2
84 409 0 2
85 1766 0 2
86 201 0 2
87 699 0 2
484 2324 0 2
952 3727 0 2
4051 4836 0 3
89 2913 0 2
90 1165 0 2
91 207 0 2
92 537 0 2
93 387 0 2
94 733 0 2
95 426 0 2
391 448 0 2
447 1073 0 2
1770 4845 0 3
1722 4846 0 3
2236 4848 0 4
2402 4847 0 4
2401 4849 0 5
99 1595 0 2
103 1976 0 2
104 271 0 2
105 680 0 2
106 353 0 2
107 914 0 2
108 397 0 2
109 205 0 2
110 2220 0 2
111 1136 0 2
112 335 0 2
113 737 0 2
115 569 0 2
116 1294 0 2
117 277 0 2
118 531 0 2
120 919 0 2
121 278 0 2
122 905 0 2
123 1143 0 2
124 728 0 2
125 767 0 2
126 752 0 2
127 572 0 2
128 1043 0 2
129 743 0 2
130 3073 0 2
1723 4759 0 3
2094 4879 0 4
285 1072 0 2
136 4347 0 2
3494 4276 0 2
458 1554 0 2
143 1557 0 2
2617 3947 0 2
2665 4088 0 2
238 383 0 2
879 4888 0 3
1394 4889 0 4
1274 1393 0 2
554 4736 0 3
2372 4892 0 4
2594 2597 0 2
982 4687 0 2
3812 4329 0 2
4664 4896 0 3
393 2163 0 2
562 927 0 2
694 2400 0 2
1117 4899 0 3
1924 4901 0 4
1154 2168 0 2
2292 4827 0 3
1762 3416 0 2
2394 4902 0 5
2415 4898 0 3
2413 4903 0 3
2314 4904 0 4
2621 3534 0 2
2590 4529 0 2
2023 4448 0 2
2205 2625 0 2
2624 3301 0 2
3300 4913 0 3
4350 4915 0 4
4517 4916 0 5
4660 4917 0 6
3819 4907 0 4
3909 4919 0 5
688 1951 0 2
1757 4890 0 5
2593 3268 0 2
4342 4923 0 3
2587 4921 0 3
2588 4925 0 4
2589 4926 0 5
2591 4927 0 6
3392 4928 0 7
3269 3270 0 2
3876 4930 0 3
4076 4929 0 8
4015 4931 0 4
4360 4933 0 5
4206 4932 0 9
4250 4935 0 10
4410 4936 0 11
4478 4934 0 6
723 3111 0 2
1477 3299 0 2
3113 4939 0 3
3112 3120 0 2
3395 4941 0 4
3768 4943 0 5
4451 4944 0 6
288 672 0 2
1622 2628 0 2
4491 4947 0 3
3430 4914 0 3
4183 4949 0 4
4557 4950 0 5
866 3127 0 2
2239 3130 0 2
2620 3849 0 2
3126 4683 0 2
3128 4952 0 3
4303 4956 0 4
3327 4953 0 3
4070 4940 0 3
4684 4958 0 4
3857 4954 0 3
4166 4961 0 4
4219 4962 0 5
4181 4959 0 4
4381 4964 0 5
917 4734 0 3
1101 4966 0 4
2293 4967 0 5
2369 4968 0 6
148 327 0 2
740 1091 0 2
1350 4971 0 3
1666 4972 0 4
2234 4973 0 5
1105 2011 0 2
1974 2213 0 2
153 2437 0 2
154 1687 0 2
155 228 0 2
157 695 0 2
158 2026 0 2
159 1532 0 2
160 1659 0 2
161 2430 0 2
164 851 0 2
165 1112 0 2
166 900 0 2
167 1535 0 2
168 541 0 2
169 1584 0 2
170 3398 0 2
171 1780 0 2
172 1706 0 2
173 1260 0 2
2124 4510 0 2
3208 3212 0 2
3213 4996 0 3
3206 4461 0 2
3209 3210 0 2
3211 4999 0 3
4124 5000 0 4
4224 5001 0 5
4507 4998 0 3
4577 5003 0 4
3194 3195 0 2
3196 5005 0 3
3197 5006 0 4
3198 5007 0 5
3200 5008 0 6
3201 5009 0 7
3202 5010 0 8
3203 5011 0 9
3204 5012 0 10
3205 5013 0 11
4201 5014 0 12
760 1693 0 2
3193 5016 0 3
1317 1522 0 2
3154 5018 0 3
3921 5019 0 4
3157 3158 0 2
3159 5021 0 3
3160 5022 0 4
3165 3169 0 2
3380 4141 0 2
3168 4540 0 2
3170 5024 0 3
3377 5027 0 4
3779 5028 0 5
3820 5029 0 6
4147 5030 0 7
4349 5020 0 5
4393 5031 0 8
1922 4215 0 2
2667 4182 0 2
2670 3162 0 2
2694 4374 0 2
4548 5035 0 3
1809 4756 0 3
316 1987 0 2
330 4661 0 2
415 552 0 2
528 2436 0 2
1348 5042 0 3
729 1253 0 2
730 2229 0 2
1978 5045 0 3
2214 5044 0 4
175 2383 0 2
176 1134 0 2
177 1389 0 2
178 949 0 2
179 240 0 2
181 4142 0 2
182 704 0 2
831 2116 0 2
184 2770 0 2
389 4740 0 3
186 2866 0 2
187 3027 0 2
188 3859 0 2
445 1289 0 2
539 971 0 2
2190 5063 0 3
190 1676 0 2
191 1309 0 2
711 4829 0 3
365 1822 0 2
194 1767 0 2
197 608 0 2
247 4748 0 3
199 674 0 2
200 461 0 2
1058 4833 0 3
518 606 0 2
1514 5075 0 3
2060 5076 0 4
203 1433 0 2
380 532 0 2
1509 5079 0 3
703 2405 0 2
1035 2376 0 2
275 4859 0 3
206 1894 0 2
416 4840 0 3
208 727 0 2
559 4760 0 3
210 698 0 2
211 3351 0 2
213 326 0 2
2059 4700 0 3
3370 5091 0 4
4310 5092 0 5
3314 4134 0 2
218 4657 0 2
1547 2012 0 2
2280 5096 0 3
1188 1763 0 2
948 1344 0 2
985 4873 0 3
1483 5100 0 4
984 1305 0 2
1936 5102 0 3
276 894 0 2
582 4979 0 3
229 304 0 2
230 776 0 2
231 305 0 2
232 758 0 2
233 472 0 2
234 2265 0 2
235 1748 0 2
236 2169 0 2
237 1172 0 2
1135 5053 0 3
241 707 0 2
242 542 0 2
243 1343 0 2
806 4744 0 3
245 489 0 2
766 4747 0 3
887 5071 0 4
248 2095 0 2
249 1128 0 2
250 2238 0 2
251 1826 0 2
317 4758 0 3
956 1482 0 2
1150 2360 0 2
303 890 0 2
563 875 0 2
1257 5131 0 3
1559 5130 0 3
1741 5132 0 4
270 756 0 2
739 4854 0 3
272 1643 0 2
274 306 0 2
427 5083 0 4
1578 4866 0 3
309 1095 0 2
2317 4739 0 3
2380 2774 0 2
2775 5143 0 3
2713 2786 0 2
279 1338 0 2
565 4741 0 3
281 421 0 2
282 561 0 2
564 4751 0 3
284 1496 0 2
1546 4757 0 3
289 819 0 2
599 4862 0 3
336 571 0 2
412 573 0 2
789 5155 0 3
886 5156 0 3
788 5154 0 4
1816 5159 0 5
1468 5157 0 4
4521 5158 0 4
1817 5161 0 5
436 1562 0 2
702 4749 0 3
940 5165 0 4
3405 3752 0 2
1664 4989 0 3
1941 5168 0 4
2077 5169 0 5
302 384 0 2
1196 5106 0 3
1120 5108 0 3
1511 5138 0 3
307 909 0 2
308 817 0 2
310 1160 0 2
311 333 0 2
312 2171 0 2
313 605 0 2
314 2378 0 2
315 1497 0 2
581 5127 0 4
318 1056 0 2
319 2340 0 2
320 1330 0 2
566 781 0 2
912 5187 0 3
1075 5188 0 4
2005 5189 0 5
1292 1679 0 2
324 795 0 2
451 1238 0 2
1378 5090 0 3
432 4970 0 3
328 602 0 2
329 910 0 2
331 1515 0 2
332 549 0 2
1646 5178 0 3
337 1558 0 2
338 473 0 2
339 1324 0 2
340 495 0 2
1119 2352 0 2
454 951 0 2
363 925 0 2
1322 5207 0 3
1456 5208 0 4
1618 5209 0 5
1526 1868 0 2
1869 5210 0 6
347 705 0 2
348 578 0 2
349 431 0 2
486 4728 0 3
583 4856 0 3
811 2148 0 2
364 843 0 2
366 981 0 2
404 546 0 2
1222 5221 0 3
1467 5222 0 4
551 842 0 2
648 989 0 2
2048 5224 0 3
895 2386 0 2
372 497 0 2
373 519 0 2
588 920 0 2
2086 5230 0 3
381 1606 0 2
382 587 0 2
1123 5171 0 3
385 524 0 2
1275 4752 0 3
570 4842 0 3
388 530 0 2
576 5058 0 4
390 753 0 2
392 2635 0 2
476 2300 0 2
749 3289 0 2
396 526 0 2
690 4858 0 3
399 480 0 2
400 567 0 2
401 732 0 2
533 4761 0 3
403 692 0 2
405 590 0 2
407 3173 0 2
408 2346 0 2
577 4831 0 3
411 557 0 2
413 600 0 2
414 4480 0 2
548 5085 0 4
417 1720 0 2
418 593 0 2
419 2552 0 2
420 899 0 2
558 5148 0 3
422 596 0 2
424 601 0 2
603 4844 0 3
604 5139 0 5
428 471 0 2
1379 5215 0 3
786 5195 0 4
438 852 0 2
439 1795 0 2
441 1660 0 2
442 2381 0 2
1573 2327 0 2
1340 2420 0 2
892 4742 0 3
640 5149 0 3
1843 5278 0 4
449 1455 0 2
2039 4768 0 3
459 1125 0 2
854 4775 0 3
1314 5073 0 3
462 1106 0 2
466 844 0 2
931 5268 0 3
475 2126 0 2
477 1585 0 2
478 2127 0 2
479 792 0 2
871 5246 0 3
1089 4985 0 3
485 801 0 2
487 1645 0 2
798 5120 0 3
799 4745 0 3
1427 1629 0 2
1996 5298 0 3
1832 2072 0 2
1005 5204 0 3
696 5228 0 3
499 2995 0 2
1715 2358 0 2
1057 2416 0 2
3835 5305 0 3
502 3851 0 2
504 706 0 2
1342 1376 0 2
1993 5309 0 3
1377 1685 0 2
976 3897 0 2
2204 3067 0 2
1590 1872 0 2
517 609 0 2
622 5229 0 3
1380 1864 0 2
522 1358 0 2
1787 5235 0 3
525 877 0 2
2681 5244 0 3
527 1565 0 2
529 1942 0 2
777 5238 0 3
1969 4867 0 3
614 5249 0 4
534 885 0 2
536 1775 0 2
736 4841 0 3
538 794 0 2
748 1439 0 2
1037 2231 0 2
1108 1866 0 2
1577 5331 0 3
1950 5334 0 4
2263 5140 0 4
867 5117 0 3
911 4743 0 3
544 774 0 2
545 1752 0 2
3695 4623 0 2
1315 5135 0 3
2232 5342 0 4
2187 4981 0 3
1556 2375 0 2
780 5258 0 5
1174 5199 0 3
550 1549 0 2
1332 4733 0 3
1116 4753 0 3
556 615 0 2
778 5255 0 3
633 5263 0 4
629 5087 0 4
560 1564 0 2
929 5150 0 4
805 5147 0 4
869 5247 0 3
568 1753 0 2
746 5237 0 4
612 4875 0 3
574 884 0 2
575 1448 0 2
876 5239 0 5
772 5254 0 4
904 5214 0 3
933 4824 0 3
1142 5183 0 5
1457 5105 0 4
1074 5217 0 4
584 747 0 2
585 3404 0 2
586 880 0 2
762 5233 0 3
589 908 0 2
793 5251 0 3
591 932 0 2
592 2273 0 2
769 4735 0 3
597 1100 0 2
598 913 0 2
941 5256 0 3
783 5265 0 3
787 5196 0 3
784 5266 0 4
785 5267 0 6
652 5180 0 3
607 1217 0 2
1178 5070 0 3
2153 5315 0 3
1818 4773 0 3
888 5361 0 4
613 2068 0 2
1185 5326 0 5
883 5351 0 3
616 1484 0 2
617 893 0 2
618 3433 0 2
619 1085 0 2
620 1774 0 2
621 1313 0 2
838 5316 0 4
623 2544 0 2
625 2295 0 2
626 936 0 2
1023 4770 0 3
628 1347 0 2
1076 5354 0 5
873 5353 0 5
839 2078 0 2
1743 5173 0 4
1911 5411 0 5
641 1122 0 2
642 1157 0 2
643 2505 0 2
644 1732 0 2
938 5387 0 4
916 1391 0 2
1968 5418 0 3
2216 5419 0 4
1207 5356 0 5
658 1181 0 2
1708 1946 0 2
2793 2794 0 2
2795 5424 0 3
2799 5425 0 4
4463 5426 0 5
1298 1686 0 2
2084 5428 0 3
2175 4884 0 3
1489 1938 0 2
2287 5431 0 3
1017 1648 0 2
1287 3970 0 2
2490 5433 0 3
3886 5435 0 4
4093 5436 0 5
4380 5434 0 3
667 1412 0 2
669 1155 0 2
673 4140 0 2
1086 5072 0 3
3273 4391 0 2
1242 1533 0 2
1839 5444 0 3
679 2779 0 2
930 4855 0 3
3272 3298 0 2
1550 4256 0 2
1932 2835 0 2
2150 2294 0 2
685 1804 0 2
1583 4772 0 3
3346 4828 0 3
689 1999 0 2
812 5245 0 4
691 864 0 2
898 5250 0 3
693 1357 0 2
1642 4980 0 3
991 5302 0 4
1727 5088 0 3
918 4834 0 3
700 1771 0 2
701 1293 0 2
1719 5055 0 3
1551 5213 0 3
1272 5308 0 3
1479 5116 0 3
708 2247 0 2
709 1480 0 2
928 5067 0 4
713 1250 0 2
714 1007 0 2
1096 4732 0 3
716 1124 0 2
717 2166 0 2
718 1062 0 2
719 4155 0 2
720 968 0 2
724 1144 0 2
725 2181 0 2
726 4424 0 2
1262 5086 0 3
1258 4872 0 3
731 1331 0 2
2081 5248 0 3
1675 4843 0 3
734 1139 0 2
735 1088 0 2
1087 5329 0 4
1819 4863 0 3
738 3794 0 2
1755 5136 0 4
963 2014 0 2
1199 1960 0 2
1782 5186 0 3
2024 5497 0 4
742 807 0 2
1616 4877 0 3
744 2952 0 2
745 1286 0 2
1503 5360 0 5
1333 5371 0 3
750 4117 0 2
751 3767 0 2
4065 4874 0 3
1103 5240 0 3
754 2180 0 2
755 2006 0 2
757 1655 0 2
759 906 0 2
761 3765 0 2
1170 5374 0 4
763 967 0 2
764 1149 0 2
765 1465 0 2
1114 5121 0 4
768 2364 0 2
942 5379 0 4
770 922 0 2
771 2767 0 2
1179 5365 0 5
773 1180 0 2
1504 5339 0 3
775 1450 0 2
1115 5107 0 3
1084 5324 0 4
2261 5352 0 4
889 5346 0 6
782 1066 0 2
944 5383 0 4
946 5385 0 5
945 5386 0 7
1312 1652 0 2
1940 5376 0 4
915 1934 0 2
2070 5537 0 3
1709 5296 0 4
1303 5297 0 4
1113 2396 0 2
2089 4771 0 3
1954 4871 0 3
1364 5357 0 5
1691 5119 0 4
1282 5499 0 3
1593 4701 0 3
1171 5456 0 5
822 3823 0 2
824 1104 0 2
1356 5381 0 3
2419 5551 0 4
1983 5464 0 3
827 1302 0 2
986 1201 0 2
833 1067 0 2
1563 1837 0 2
2199 5200 0 4
4260 5558 0 5
2289 3227 0 2
3228 5560 0 3
3229 5561 0 4
4004 5562 0 5
4319 5563 0 6
994 5402 0 5
1498 2248 0 2
1359 2201 0 2
2599 2600 0 2
1730 3354 0 2
2957 4613 0 2
3804 4151 0 2
1385 5283 0 4
1944 5114 0 3
1718 1930 0 2
857 1867 0 2
1297 1461 0 2
2217 5576 0 3
993 5457 0 3
1745 4737 0 3
1487 5337 0 4
1319 5358 0 4
870 1712 0 2
2312 4703 0 3
872 1266 0 2
2277 5364 0 6
4083 5320 0 3
878 2179 0 2
1667 5373 0 3
3040 3432 0 2
1724 2230 0 2
1186 5395 0 4
1501 5362 0 3
1270 5327 0 3
1791 5122 0 5
1335 5392 0 5
1177 5530 0 7
1525 5397 0 3
992 5458 0 4
1943 5262 0 3
1166 4987 0 3
901 1478 0 2
2113 5366 0 4
1147 5532 0 5
1363 5603 0 6
1490 4865 0 3
1432 5604 0 7
1721 5606 0 8
2001 5605 0 4
2264 5467 0 4
2029 5607 0 9
2432 5610 0 10
1320 4870 0 3
907 1138 0 2
2071 5375 0 3
1586 5175 0 3
1462 2018 0 2
1365 5287 0 4
2184 5050 0 3
1284 1673 0 2
2291 5619 0 3
2406 5125 0 3
1400 5338 0 4
1256 4857 0 3
1118 5463 0 4
974 4868 0 3
921 1398 0 2
1225 5521 0 3
924 1267 0 2
926 1156 0 2
1176 5472 0 5
1063 5447 0 4
1098 5367 0 4
934 2351 0 2
935 965 0 2
1505 5405 0 3
1375 5417 0 5
1080 5166 0 5
964 5382 0 4
1090 5520 0 5
1158 5534 0 8
1163 5533 0 6
947 1859 0 2
1452 2183 0 2
1264 1678 0 2
3777 5644 0 3
3793 4738 0 3
2611 2612 0 2
2613 3760 0 2
955 1296 0 2
1541 5182 0 3
1672 5172 0 4
1195 2321 0 2
2896 2897 0 2
4078 5653 0 3
960 2557 0 2
2393 5638 0 5
1326 5634 0 3
2647 4396 0 2
2674 5515 0 3
3281 5480 0 3
1499 5625 0 4
979 1539 0 2
980 1474 0 2
983 1311 0 2
1729 5465 0 3
1927 5665 0 4
1895 5416 0 3
2503 5667 0 4
3340 5666 0 5
2506 5668 0 5
4075 5670 0 6
4096 5669 0 6
1337 5461 0 5
1615 5598 0 5
3332 4450 0 2
2919 4081 0 2
2937 3065 0 2
4646 5677 0 3
3331 3831 0 2
3786 4227 0 2
4575 5500 0 4
4412 5680 0 3
4307 5676 0 3
2938 5519 0 3
3814 5684 0 4
4128 5685 0 5
1426 1792 0 2
1756 5174 0 4
2357 5688 0 5
1387 1702 0 2
1608 5051 0 3
2249 5691 0 4
2388 5690 0 3
1167 1609 0 2
998 2170 0 2
999 1304 0 2
2425 5280 0 3
1989 5118 0 3
1003 2870 0 2
1327 1705 0 2
1193 5301 0 4
1006 2509 0 2
1975 5474 0 3
1014 1512 0 2
2946 4502 0 2
2948 2949 0 2
1471 4404 0 2
2189 3865 0 2
1018 2472 0 2
1383 5406 0 4
1265 1397 0 2
1788 5711 0 3
1793 4763 0 3
1028 1726 0 2
1360 2417 0 2
1445 1935 0 2
1580 2391 0 2
1099 4386 0 2
2003 2164 0 2
3039 5719 0 3
3036 3858 0 2
3256 5720 0 4
4213 5721 0 3
4542 5723 0 4
3396 4336 0 2
3052 3054 0 2
3053 3064 0 2
3046 4444 0 2
1042 1680 0 2
1681 1914 0 2
2680 3848 0 2
2908 4612 0 2
2912 3512 0 2
2191 2373 0 2
2678 5734 0 3
2907 5735 0 4
2683 5321 0 4
2684 5737 0 5
2525 5378 0 3
3085 3086 0 2
3178 5740 0 3
3088 3181 0 2
3180 3183 0 2
3877 5743 0 3
3176 3177 0 2
3397 4259 0 2
1280 1684 0 2
2176 5747 0 3
3189 5748 0 4
4433 5749 0 5
3190 3191 0 2
4295 5751 0 3
2345 4085 0 2
4129 5753 0 3
4230 5754 0 4
3060 3071 0 2
4283 5756 0 3
3072 5531 0 3
3964 5758 0 4
3366 3950 0 2
4373 5760 0 3
3982 5759 0 5
4163 5762 0 6
4497 5763 0 7
3057 3068 0 2
3059 3954 0 2
3945 5765 0 3
4640 5727 0 3
3375 4765 0 4
4398 5742 0 3
1129 4228 0 2
4384 5771 0 3
4670 5772 0 4
1521 2047 0 2
3043 3081 0 2
3074 3080 0 2
3084 5776 0 3
1092 3809 0 2
3083 4822 0 3
3796 5779 0 4
4344 5780 0 5
4668 5781 0 6
3358 4455 0 2
4631 5783 0 3
3400 4311 0 2
4191 4991 0 3
1369 5528 0 5
1644 5787 0 6
4063 5778 0 3
4110 4330 0 2
3374 4590 0 2
1520 5475 0 4
2046 5792 0 5
2392 5793 0 6
2606 2607 0 2
3913 5795 0 3
3976 4175 0 2
1631 3378 0 2
3379 5798 0 3
3975 5799 0 4
4071 5800 0 5
1502 5459 0 3
1657 5802 0 4
2269 5803 0 5
3161 4323 0 2
3357 4452 0 2
4551 5806 0 3
2429 5487 0 4
4294 5808 0 5
2252 5084 0 3
2385 5810 0 4
2499 5811 0 5
2502 5812 0 6
4170 5813 0 7
3297 4121 0 2
4138 5815 0 3
1164 1972 0 2
2246 5817 0 3
2004 5184 0 3
2064 5074 0 4
1059 1764 0 2
1060 2790 0 2
1061 3371 0 2
3842 5478 0 3
1354 5631 0 5
1064 3393 0 2
1065 2173 0 2
1981 5556 0 3
2258 4750 0 3
1530 2363 0 2
1430 5370 0 5
1768 5408 0 6
2819 4762 0 3
1078 1570 0 2
1079 4351 0 2
1575 5637 0 6
1081 3291 0 2
1082 1396 0 2
1083 1443 0 2
1486 5399 0 3
1307 5442 0 4
1707 5491 0 5
4047 5490 0 3
1370 5639 0 6
1093 1647 0 2
1094 1605 0 2
1202 5632 0 5
1566 5380 0 3
1213 5508 0 4
1367 5550 0 3
1300 5285 0 3
1107 4018 0 2
1109 1671 0 2
1110 2067 0 2
1111 1460 0 2
1301 4986 0 3
1328 5518 0 5
1485 5527 0 4
1431 5350 0 4
1323 5624 0 5
1488 5413 0 3
1669 5234 0 4
1353 5476 0 3
2208 5282 0 3
1127 2367 0 2
1632 5124 0 3
1133 3388 0 2
1663 5115 0 4
1169 1366 0 2
2245 5554 0 3
1552 2151 0 2
1173 1948 0 2
1288 5613 0 3
1692 5489 0 3
1141 4091 0 2
1345 5368 0 6
1248 5481 0 3
1145 1658 0 2
1146 2058 0 2
1148 2041 0 2
1701 5516 0 3
1151 1291 0 2
1152 1640 0 2
1153 3409 0 2
1334 5440 0 3
1371 5629 0 3
1915 5414 0 3
1372 5640 0 9
1374 5177 0 3
1162 1276 0 2
1373 5641 0 7
1295 4839 0 3
1261 5600 0 4
1299 5514 0 5
1316 5548 0 6
1516 5347 0 4
1175 2397 0 2
1190 5630 0 6
1362 5596 0 8
1218 5389 0 4
1341 5523 0 6
1310 5524 0 3
1277 5422 0 3
1784 5394 0 6
1523 5591 0 5
1725 5704 0 3
2274 5662 0 3
1845 5906 0 4
2132 5908 0 5
1189 2568 0 2
1507 5898 0 7
1191 3769 0 2
1777 5635 0 4
1776 5847 0 6
1203 2543 0 2
1436 1982 0 2
1212 3143 0 2
1959 5849 0 5
1699 1827 0 2
1216 1617 0 2
1796 5388 0 3
1797 5900 0 5
1219 4401 0 2
1926 5627 0 4
2098 5194 0 4
2423 5878 0 3
2259 5612 0 4
2990 2991 0 2
3991 5695 0 3
2065 4500 0 2
3418 3887 0 2
2468 3738 0 2
2272 5877 0 4
4222 5473 0 3
2715 4823 0 3
1255 4604 0 2
1957 5623 0 4
1259 1677 0 2
1828 5615 0 4
1958 5893 0 5
1451 5484 0 4
1263 2285 0 2
1268 3949 0 2
1269 3837 0 2
1781 5593 0 4
1271 1683 0 2
2196 5468 0 4
2553 5261 0 3
1971 5236 0 4
2228 5890 0 3
1495 5903 0 4
1279 1714 0 2
1382 5546 0 4
2311 5391 0 4
1820 5502 0 3
1441 5873 0 4
1321 2025 0 2
1758 5882 0 3
1746 5892 0 4
1403 5649 0 3
1469 5894 0 6
1939 5851 0 4
4438 4487 0 2
1711 5540 0 5
1736 5696 0 3
2382 4714 0 4
4205 5841 0 5
2015 5902 0 4
3101 5664 0 3
1807 5401 0 3
1773 5895 0 7
2020 4715 0 4
1994 5581 0 5
1998 5860 0 6
1592 5657 0 4
1447 5857 0 6
1492 5486 0 3
1572 5349 0 4
1453 5504 0 4
3284 4506 0 2
1690 5595 0 6
1336 2016 0 2
1749 5673 0 6
1937 2433 0 2
1339 1984 0 2
1988 5901 0 7
1491 5876 0 7
1454 4746 0 3
1473 5407 0 3
1349 1548 0 2
1351 3105 0 2
1510 5863 0 4
1472 5825 0 6
1751 5838 0 3
1794 5994 0 4
2526 5318 0 3
1361 2886 0 2
1449 5899 0 9
1716 5544 0 6
1440 5850 0 4
1390 5844 0 7
1500 5886 0 4
1513 5888 0 10
1508 5891 0 8
1464 5889 0 4
1494 5636 0 6
1381 3520 0 2
1992 5953 0 5
1803 5710 0 5
2195 5698 0 4
3829 4832 0 3
2745 5123 0 3
2735 4272 0 2
2241 6001 0 8
1814 5626 0 3
1399 2092 0 2
1802 5622 0 5
1897 2639 0 2
2636 5241 0 3
2637 6019 0 4
3302 6020 0 5
3304 6021 0 6
4025 6022 0 7
1625 2643 0 2
2645 6024 0 3
3902 6025 0 4
3867 5506 0 3
4292 6027 0 4
4470 6023 0 8
4630 6029 0 9
2021 5471 0 3
1862 5946 0 3
2185 6032 0 4
2045 5868 0 5
2044 5958 0 4
3282 4242 0 2
1567 1929 0 2
4512 6037 0 3
2654 2655 0 2
2673 6039 0 3
2656 3855 0 2
2687 6040 0 4
3248 6042 0 5
3246 3247 0 2
3989 6044 0 3
4031 6041 0 3
4440 6045 0 4
4112 6046 0 4
2117 5588 0 4
1740 2118 0 2
2389 6049 0 5
2651 2675 0 2
3704 6052 0 3
3244 5659 0 4
3324 6054 0 5
3323 4549 0 2
3782 6055 0 6
4066 6057 0 7
2395 5126 0 3
4322 6058 0 8
4392 6060 0 9
4428 6061 0 10
4591 4794 0 4
2575 3951 0 2
3394 3778 0 2
4596 6065 0 3
2555 2634 0 2
1571 3381 0 2
3808 6068 0 3
4273 4469 0 2
4620 6070 0 3
2564 4302 0 2
2561 5834 0 3
1888 2724 0 2
2725 6074 0 3
2761 4678 0 2
3367 3937 0 2
4062 5988 0 4
2731 5879 0 3
3932 6079 0 4
4698 4982 0 3
2762 2763 0 2
2772 5522 0 3
4082 6083 0 4
2829 3953 0 2
4466 6084 0 5
1953 4217 0 2
2768 5587 0 3
2689 4465 0 2
2720 4483 0 2
2722 2727 0 2
2723 2729 0 2
3647 6092 0 3
4288 5505 0 3
4135 4176 0 2
4189 6095 0 3
2771 2773 0 2
3843 6097 0 3
3874 4010 0 2
4108 6099 0 3
4379 6100 0 4
4560 5253 0 3
2869 5059 0 3
2872 6103 0 4
2873 6104 0 5
3294 6105 0 6
3940 6106 0 7
2867 2879 0 2
2875 3540 0 2
2776 2778 0 2
2780 5446 0 3
2781 6111 0 4
3821 6112 0 5
4097 6113 0 6
3906 4407 0 2
4431 6114 0 7
1569 2821 0 2
2824 6117 0 3
4107 6118 0 4
4202 6119 0 5
4385 6120 0 6
4503 6121 0 7
2414 2479 0 2
2476 2480 0 2
2481 6123 0 3
3321 6124 0 3
2482 6125 0 4
2483 6127 0 5
2137 5452 0 3
1985 5078 0 3
1435 4608 0 2
1437 3004 0 2
1665 6000 0 5
2361 5956 0 5
1442 2453 0 2
1747 5839 0 3
1444 1878 0 2
1446 2080 0 2
1674 5976 0 7
2685 5845 0 3
1905 2450 0 2
2854 6141 0 3
4195 6140 0 4
2855 6142 0 4
4314 6144 0 5
1963 5998 0 10
2221 5526 0 3
1733 5979 0 5
2275 5369 0 5
1458 4009 0 2
2379 4853 0 3
3222 5855 0 3
1463 2178 0 2
1668 6005 0 5
1662 5517 0 3
1638 5961 0 7
1639 5993 0 7
1734 5989 0 4
2251 5663 0 3
1728 5601 0 3
1524 5396 0 3
1531 5858 0 5
1735 5840 0 4
1688 5580 0 5
1670 5861 0 4
1789 5987 0 8
1493 3830 0 2
1955 6006 0 7
1641 5151 0 3
1931 6169 0 4
1710 5661 0 5
3179 3890 0 2
4162 6172 0 3
1689 5503 0 6
1778 5525 0 4
1506 1856 0 2
2566 5911 0 8
1786 6004 0 9
2255 4225 0 2
1744 5992 0 5
1783 6003 0 11
1973 5198 0 3
2066 5896 0 5
1517 3770 0 2
4439 6184 0 3
3032 4685 0 2
2529 2977 0 2
4434 6187 0 3
2986 3031 0 2
3252 3827 0 2
3994 4346 0 2
3987 3996 0 2
4069 5081 0 3
2966 2971 0 2
3903 6194 0 3
3955 6195 0 4
4475 6196 0 5
4665 6197 0 6
4049 4154 0 2
2000 6154 0 6
2959 3278 0 2
2974 4593 0 2
2975 3277 0 2
2976 4279 0 2
3406 6201 0 3
3407 6205 0 4
3946 6206 0 5
1836 5164 0 3
2019 5905 0 6
1980 6161 0 4
1544 1977 0 2
2031 6162 0 6
2209 2904 0 2
1537 2042 0 2
2355 5288 0 3
2276 5990 0 3
3369 5650 0 4
4241 5328 0 3
2315 5201 0 3
1750 2007 0 2
2009 5232 0 3
4515 5492 0 4
2186 6221 0 4
3761 5348 0 3
1876 5322 0 3
2250 5848 0 4
1568 2831 0 2
2028 5978 0 5
2253 6017 0 6
1892 5289 0 3
2032 5112 0 3
3078 4766 0 3
3373 6232 0 4
3914 6233 0 5
4103 6234 0 6
4340 6235 0 7
4460 6236 0 8
1979 5975 0 5
2278 5921 0 4
2219 5940 0 6
2410 6240 0 7
3922 5323 0 3
1656 3836 0 2
4168 5312 0 3
4362 6244 0 4
2165 5674 0 6
1619 1912 0 2
2878 4662 0 2
3100 3151 0 2
1885 3104 0 2
2669 4262 0 2
3832 5991 0 3
3144 5917 0 3
4000 6253 0 4
3152 6249 0 3
4471 6255 0 4
4409 6254 0 5
4552 6251 0 3
3107 3467 0 2
3095 4068 0 2
3097 3098 0 2
3102 6261 0 3
3773 6262 0 4
3135 3140 0 2
2225 2614 0 2
3988 6265 0 3
4014 6266 0 4
4651 6258 0 4
2691 3016 0 2
3015 4045 0 2
3017 6269 0 3
3022 6271 0 4
3020 3841 0 2
3023 6272 0 5
4325 6263 0 5
4290 6260 0 3
4530 6276 0 4
4013 5046 0 3
3214 3215 0 2
3216 6279 0 3
3218 6280 0 4
3219 6281 0 5
3221 3265 0 2
4236 6283 0 3
3261 5047 0 4
4050 6285 0 5
4149 5582 0 3
4363 6286 0 6
4042 6278 0 4
4417 6284 0 4
4446 6288 0 7
2226 5039 0 4
3337 4199 0 2
3980 5969 0 4
3011 3012 0 2
3013 6295 0 3
3999 4905 0 3
4639 6297 0 4
2010 5594 0 6
2192 6299 0 7
2102 3132 0 2
3336 4900 0 3
4656 6301 0 3
3147 3343 0 2
4016 6302 0 4
4287 6304 0 3
4442 6305 0 5
3863 5646 0 4
4328 6308 0 5
2034 5359 0 3
2227 6310 0 4
3028 5060 0 3
4511 6312 0 4
3772 3869 0 2
4184 6314 0 3
2147 3025 0 2
3224 6152 0 4
3225 6317 0 5
3871 6318 0 6
4425 6290 0 5
4185 6319 0 7
4648 6321 0 8
4046 5821 0 3
4696 6323 0 4
2271 5819 0 4
1742 3134 0 2
3136 6326 0 3
3137 6327 0 4
3139 6328 0 5
4060 6329 0 6
4264 6330 0 7
4422 6331 0 8
4682 6303 0 4
4554 4957 0 5
2412 4825 0 3
3864 6335 0 4
4298 6336 0 5
1991 6164 0 6
4011 6338 0 7
4212 6294 0 5
4026 4588 0 2
2616 6139 0 8
2618 6342 0 9
3912 6343 0 10
4583 6313 0 5
2222 3957 0 2
4033 4146 0 2
4601 6347 0 3
4680 6341 0 3
1923 3353 0 2
4003 6350 0 3
4196 5569 0 3
3790 5826 0 3
4522 6353 0 4
3923 6190 0 3
1661 4457 0 2
1961 3917 0 2
2863 2988 0 2
4645 6356 0 3
1769 3018 0 2
3348 6360 0 3
4649 6307 0 6
3266 3271 0 2
3267 3345 0 2
3934 6363 0 3
4589 6364 0 3
4578 5454 0 4
4164 6365 0 4
4423 6368 0 5
2998 4358 0 2
3402 3828 0 2
3854 6371 0 3
4159 6372 0 4
4173 6373 0 5
4087 5303 0 3
3005 6132 0 3
3007 6376 0 4
3008 6377 0 5
3355 6378 0 6
3356 6379 0 7
3928 6380 0 8
4208 6381 0 9
4364 6382 0 10
4524 6383 0 11
4095 6375 0 4
3907 4559 0 2
2852 3002 0 2
3001 3010 0 2
2580 3431 0 2
4615 6389 0 3
4137 6064 0 3
4237 6391 0 4
2570 2578 0 2
2579 6393 0 3
2558 5655 0 3
4157 5714 0 3
4039 6177 0 9
2569 5910 0 3
2571 6398 0 4
3799 6399 0 5
3822 6400 0 6
3806 5837 0 3
4058 6402 0 4
2202 2583 0 2
4416 6404 0 3
2562 6073 0 4
2563 6406 0 5
2565 6407 0 6
3981 6408 0 7
3262 3789 0 2
3929 6410 0 3
4172 6411 0 4
4027 6409 0 8
3306 4361 0 2
4270 5854 0 3
2660 2661 0 2
2662 6416 0 3
3811 6417 0 4
4218 6418 0 5
3122 6135 0 3
3993 6420 0 4
4316 6421 0 5
4197 4244 0 2
4437 6423 0 3
4376 6422 0 6
4675 6425 0 7
3967 6361 0 4
4187 6427 0 5
4403 6428 0 6
4556 4587 0 2
1704 3329 0 2
3816 6431 0 3
3873 6432 0 4
4077 6433 0 5
4345 6434 0 6
3226 3797 0 2
4207 6436 0 3
2371 6165 0 5
3360 3974 0 2
4616 5564 0 7
2290 6210 0 5
3918 6357 0 3
4114 6442 0 4
2350 5965 0 4
4122 5549 0 3
4274 6179 0 3
4582 6446 0 4
4200 6193 0 4
4382 6448 0 5
4464 6449 0 6
4609 6445 0 4
2522 3775 0 2
3963 6452 0 3
2362 4983 0 3
4048 6454 0 4
2853 3253 0 2
4435 6456 0 3
2841 2846 0 2
3762 6458 0 3
3889 6459 0 4
4186 6388 0 3
2519 2520 0 2
3960 6462 0 3
3287 3410 0 2
3349 3390 0 2
3925 6465 0 3
1945 3824 0 2
2531 3389 0 2
3998 6468 0 3
4064 6469 0 4
4432 6470 0 5
4643 6405 0 4
4686 6471 0 6
2535 3939 0 2
3429 5089 0 3
3813 6475 0 4
4399 6476 0 5
4520 6477 0 6
4642 6478 0 7
2849 4006 0 2
4468 6480 0 3
1772 2842 0 2
2843 6482 0 3
3386 6483 0 4
3350 3412 0 2
3787 6484 0 5
4257 6485 0 3
4102 6486 0 6
4695 6488 0 7
4334 5061 0 3
2515 2516 0 2
3941 6491 0 3
4057 5884 0 3
4397 6492 0 4
2512 2513 0 2
3810 6495 0 3
4617 6496 0 4
4406 6494 0 5
4372 6493 0 4
2145 3807 0 2
3905 5017 0 4
3968 6501 0 5
3182 3185 0 2
3186 6503 0 3
4253 6504 0 4
3959 4275 0 2
4353 6505 0 5
3075 3076 0 2
3962 6508 0 3
4667 5791 0 3
4019 5252 0 3
4669 6511 0 4
2172 6008 0 6
4317 6352 0 4
4482 6514 0 5
1633 2740 0 2
2022 6156 0 8
2356 5460 0 4
1653 2390 0 2
2100 5573 0 4
1928 6155 0 4
1919 6133 0 6
4226 5853 0 3
2826 5488 0 4
1965 5999 0 7
2008 6174 0 7
2242 5981 0 7
2370 5874 0 4
3384 3944 0 2
1695 3910 0 2
3290 3958 0 2
4079 5243 0 3
4143 4838 0 3
4318 6533 0 4
4456 6534 0 5
2911 2914 0 2
2934 6536 0 3
1703 3391 0 2
2284 4993 0 3
2037 5539 0 5
1995 5466 0 4
2038 5964 0 6
2167 5952 0 3
1717 2710 0 2
2093 6160 0 4
1890 2960 0 2
1986 5832 0 7
2283 6163 0 5
1739 3413 0 2
2091 6180 0 6
1933 5579 0 4
2211 5959 0 5
3240 6136 0 4
2203 5983 0 7
1759 1947 0 2
1760 1925 0 2
2270 5971 0 8
1806 5400 0 3
3318 5403 0 3
4504 6559 0 4
2013 5913 0 5
1800 6175 0 5
2194 5945 0 5
2035 6181 0 12
1785 2055 0 2
2033 6178 0 10
4072 5708 0 3
4132 6567 0 4
2002 6166 0 9
2374 5947 0 5
2302 6239 0 5
3992 4190 0 2
2354 6562 0 6
1801 3973 0 2
2267 6558 0 4
1964 4040 0 2
2235 5212 0 7
2257 6247 0 3
2301 5163 0 6
2299 5482 0 3
2223 5939 0 5
2244 6231 0 4
3339 4486 0 2
2177 6176 0 3
4458 4538 0 2
4544 5162 0 5
2925 2926 0 2
2928 6587 0 3
2929 6588 0 4
3875 6589 0 5
4365 6590 0 6
2128 2811 0 2
2697 5509 0 3
2377 6014 0 9
2233 2418 0 2
2890 6226 0 5
1921 2162 0 2
4286 6412 0 5
3791 5867 0 3
3860 6599 0 4
4008 6600 0 5
3802 5823 0 3
3868 6602 0 4
4445 6603 0 5
2343 5599 0 4
3242 6553 0 5
3307 6606 0 6
4238 6607 0 7
2030 2549 0 2
2539 4204 0 2
2546 3891 0 2
3317 6609 0 3
4449 6612 0 4
2461 2551 0 2
2545 5915 0 3
2547 6615 0 4
3845 6616 0 5
4598 6611 0 3
4408 6610 0 3
4558 6619 0 4
4555 6613 0 5
2541 4248 0 2
4637 6617 0 6
4030 4165 0 2
4233 6624 0 3
4246 6625 0 4
4247 6626 0 5
2260 6566 0 11
2431 6628 0 12
2256 6228 0 6
4383 5660 0 4
3901 5493 0 3
4324 6632 0 4
4268 6538 0 3
4447 6634 0 4
2243 5962 0 5
2508 3285 0 2
3295 6637 0 3
4269 5943 0 3
4519 6639 0 4
4531 6640 0 5
4632 6641 0 6
2497 5703 0 4
4174 6643 0 5
4441 6644 0 6
4477 6622 0 3
4607 6646 0 4
4126 5671 0 7
4127 5672 0 7
4697 6649 0 8
3403 4413 0 2
3986 4484 0 2
4610 6652 0 3
4056 5824 0 4
4090 6654 0 5
3048 5633 0 3
3049 6656 0 4
3055 6657 0 5
3058 6658 0 6
3257 6659 0 7
3365 6660 0 8
4029 6661 0 9
4220 6662 0 10
4306 6663 0 11
3894 4614 0 2
3325 5501 0 3
4281 6666 0 4
2955 2963 0 2
4492 5571 0 3
2182 6551 0 5
2741 2742 0 2
4485 6516 0 3
2736 4564 0 2
2699 4357 0 2
2398 2702 0 2
2701 6138 0 3
2698 4321 0 2
4032 6676 0 4
4231 6678 0 5
4628 6679 0 6
2788 4144 0 2
2791 3338 0 2
3419 6682 0 3
3364 3930 0 2
4472 6684 0 3
2809 2810 0 2
3595 6686 0 3
2708 3251 0 2
2711 6544 0 3
2712 6689 0 4
3840 6690 0 5
3274 6688 0 3
4053 6692 0 4
3850 6691 0 6
4584 6694 0 7
2705 5820 0 5
2704 2716 0 2
2706 6696 0 6
2707 6698 0 7
2709 6699 0 8
3250 6700 0 9
4119 6697 0 3
3881 6701 0 10
4341 6703 0 11
2717 2718 0 2
2719 6705 0 3
4348 6706 0 4
3368 3847 0 2
3956 5513 0 3
2784 2785 0 2
4074 6710 0 3
4178 6711 0 4
4501 5822 0 3
3766 6213 0 3
3259 4209 0 2
4293 6714 0 4
3862 4624 0 2
4232 6715 0 3
4634 6718 0 4
4516 6116 0 8
4674 6713 0 4
4541 6707 0 5
1913 3817 0 2
2428 5614 0 4
2424 6522 0 7
4655 6556 0 3
2240 6521 0 5
2069 5985 0 3
1952 4116 0 2
2254 6168 0 8
2215 5937 0 5
2286 6146 0 11
2493 3296 0 2
4012 6733 0 3
2426 6182 0 4
2366 6569 0 10
2027 2043 0 2
2848 3254 0 2
4111 4299 0 2
4002 4430 0 2
3965 5709 0 3
4369 6741 0 4
3316 4580 0 2
3063 4028 0 2
4089 6744 0 3
4489 6745 0 4
3062 3330 0 2
3361 3888 0 2
2359 6727 0 6
2268 6526 0 8
2296 6561 0 6
2721 3908 0 2
2188 5982 0 3
2237 4061 0 2
2349 6517 0 9
3249 3815 0 2
3943 6756 0 3
4203 6757 0 4
4573 6758 0 5
4505 4513 0 2
4641 6760 0 3
2387 6212 0 7
2281 6564 0 13
4459 4600 0 2
2339 6183 0 6
3545 3650 0 2
4388 5438 0 4
4443 6767 0 5
2471 3315 0 2
2474 3525 0 2
3427 6769 0 3
4280 6771 0 4
4188 6576 0 3
4343 6773 0 4
4663 6772 0 5
4546 6774 0 5
3882 4535 0 2
2475 3411 0 2
2744 2747 0 2
4426 6779 0 3
2528 5996 0 4
4285 6781 0 5
4495 6782 0 6
2465 6016 0 3
4145 4371 0 2
3276 6012 0 4
3924 6786 0 5
4565 6787 0 6
2737 2738 0 2
3826 6789 0 3
3834 6790 0 4
3966 6791 0 5
4100 6792 0 6
4315 6793 0 7
4654 6794 0 8
4366 6078 0 5
2757 2759 0 2
4133 6797 0 3
3795 4297 0 2
4194 5843 0 4
3764 6153 0 3
2749 2756 0 2
4080 6801 0 4
4647 6803 0 5
2466 6784 0 4
2467 6805 0 5
3844 6806 0 6
3856 6807 0 7
3916 6808 0 8
4148 6809 0 9
4282 6810 0 10
4563 6811 0 11
4644 6812 0 12
4180 6543 0 4
2365 6550 0 7
3853 3927 0 2
4120 6816 0 3
3286 5954 0 5
4017 6818 0 6
4326 5935 0 4
3313 5736 0 5
4585 6821 0 6
2347 6147 0 4
4084 6530 0 3
4592 6591 0 7
4636 6825 0 8
2805 2902 0 2
3979 6827 0 3
4429 6828 0 4
2803 5185 0 3
2804 5865 0 3
3919 6830 0 4
3977 6831 0 4
2442 3803 0 2
3382 3428 0 2
4690 6835 0 3
2898 5470 0 3
4494 6837 0 4
2900 3312 0 2
3383 6839 0 3
2892 4622 0 2
4626 6838 0 5
2161 2368 0 2
2942 6246 0 7
3978 6227 0 3
4052 6845 0 4
4210 6846 0 5
4689 6087 0 3
4488 5483 0 3
2344 6554 0 8
3776 6552 0 6
2822 5833 0 4
4152 6752 0 3
4335 6853 0 4
3990 6852 0 5
4309 6524 0 5
4055 6855 0 6
4251 6857 0 7
4635 6858 0 8
4650 6859 0 9
4676 6860 0 10
4576 6843 0 3
2883 2884 0 2
4534 6667 0 5
4462 4581 0 2
2947 2956 0 2
4105 6866 0 3
2916 4830 0 3
3785 6868 0 4
3900 6869 0 5
4359 6870 0 6
2917 2918 0 2
2943 6872 0 3
3333 6844 0 8
3334 6874 0 9
4221 6875 0 10
4255 6876 0 11
4473 6877 0 12
4536 6878 0 13
2434 6730 0 9
3322 4693 0 2
2421 6750 0 9
2310 6149 0 6
2422 6763 0 14
2407 6732 0 12
4021 4235 0 2
4118 5450 0 3
4414 6887 0 4
4263 6814 0 5
2726 2764 0 2
2303 4086 0 2
2333 4277 0 2
2760 4160 0 2
4106 4229 0 2
4490 6894 0 3
4312 6891 0 3
2409 3952 0 2
3861 6549 0 3
3414 3415 0 2
4094 6897 0 3
4597 6900 0 4
3983 6080 0 5
4179 6902 0 6
2730 4037 0 2
4436 6904 0 3
4421 6903 0 7
4659 6906 0 8
4427 6815 0 8
4525 6523 0 4
4562 6851 0 7
4539 6094 0 4
4258 5875 0 3
4599 6090 0 3
4602 6913 0 4
2874 5699 0 3
3293 6915 0 4
3866 6916 0 5
4378 6917 0 6
4005 6107 0 8
4098 6919 0 9
4131 6920 0 10
2876 4415 0 2
4454 6922 0 3
2885 4688 0 2
4523 5997 0 3
4508 6898 0 4
4375 5835 0 3
2818 4054 0 2
4405 5852 0 3
4679 6717 0 3
2815 5966 0 5
4545 6931 0 6
4618 6592 0 3
3920 6832 0 5
4289 6934 0 6
4367 6833 0 5
4481 5479 0 3
4692 6721 0 5
4007 5769 0 5
3508 4313 0 2
2560 4243 0 2
3445 3783 0 2
3757 4621 0 2
3460 3838 0 2
3505 3931 0 2
2801 3466 0 2
3627 4167 0 2
3474 3893 0 2
3502 4291 0 2
375 474 0 2
3280 6942 0 3
3583 4109 0 2
3654 6941 0 3
3070 3510 0 2
2458 3556 0 2
2622 3730 0 2
2644 3566 0 2
3387 3451 0 2
3892 5167 0 3
352 855 0 2
3448 3788 0 2
2750 3503 0 2
2464 3649 0 2
2470 3638 0 2
1417 3648 0 2
2630 3671 0 2
223 635 0 2
515 1392 0 2
3646 4561 0 2
446 2331 0 2
3255 3612 0 2
2944 3447 0 2
3463 3481 0 2
2652 3652 0 2
3591 3613 0 2
3141 3617 0 2
3399 4673 0 2
3258 4338 0 2
3742 5094 0 3
3188 3741 0 2
3490 3548 0 2
3121 4252 0 2
1206 4837 0 4
2663 3721 0 2
2996 3575 0 2
3504 3603 0 2
632 4702 0 3
1221 1395 0 2
3666 4254 0 2
2495 3715 0 2
3736 5675 0 3
2455 3755 0 2
2987 3581 0 2
3911 5932 0 3
1408 3573 0 2
2964 3731 0 2
3264 4352 0 2
1884 2521 0 2
2105 3706 0 2
2796 3713 0 2
2797 3584 0 2
3699 4625 0 2
341 670 0 2
13 809 0 2
2595 3530 0 2
3000 3462 0 2
3872 6946 0 3
222 457 0 2
1628 2958 0 2
0 254 0 2
2 829 0 2
7 2316 0 2
2936 3674 0 2
3172 3586 0 2
3174 3443 0 2
2659 3658 0 2
3426 6982 0 3
1824 4835 0 3
134 491 0 2
520 832 0 2
2930 4883 0 3
1902 4677 0 2
3995 4910 0 3
214 4586 0 2
4946 7024 0 4
1875 2891 0 2
1415 4499 0 2
1049 3884 0 2
3199 3640 0 2
219 4776 0 3
661 6945 0 3
354 1893 0 2
265 342 0 2
2700 5145 0 3
1588 3634 0 2
2603 3691 0 2
1597 2106 0 2
369 3521 0 2
3461 3781 0 2
434 1561 0 2
2992 3026 0 2
2859 4568 0 2
2994 4169 0 2
2857 3633 0 2
3620 4150 0 2
2633 3579 0 2
2298 4547 0 2
2111 3879 0 2
1404 5219 0 3
4390 5589 0 3
2449 5648 0 3
3571 4767 0 3
2452 7048 0 3
2158 2931 0 2
3716 3732 0 2
2695 3035 0 2
5732 5733 0 4
1050 3997 0 2
3045 3670 0 2
2504 2510 0 2
6036 7030 0 5
2632 6067 0 3
1624 6983 0 5
3479 3563 0 2
2868 3544 0 2
2615 3546 0 2
3424 3774 0 2
3551 7041 0 3
2538 3485 0 2
2850 3543 0 2
2935 3712 0 2
3434 3667 0 2
2734 2746 0 2
2789 2812 0 2
2807 3688 0 2
1031 4394 0 2
2682 7031 0 4
2777 6947 0 3
2456 6943 0 3
470 6940 0 3
3123 3665 0 2
3233 3623 0 2
2626 3636 0 2
2672 3484 0 2
3514 3697 0 2
4327 6954 0 3
2980 3535 0 2
3570 3598 0 2
1039 3723 0 2
3608 3624 0 2
2602 3600 0 2
3042 3621 0 2
2973 3660 0 2
2686 3531 0 2
3549 3572 0 2
70 6953 0 4
3683 4606 0 2
435 830 0 2
651 3749 0 2
3605 4493 0 2
2950 3592 0 2
2444 3517 0 2
68 2494 0 2
374 6948 0 3
102 227 0 2
6 370 0 2
6955 7076 0 4
322 4603 0 2
796 1833 0 2
2894 4711 0 3
2802 4716 0 3
64 4774 0 3
67 4777 0 3
1587 4780 0 3
3724 4785 0 5
3115 3116 0 2
2155 3564 0 2
954 4802 0 3
4611 4815 0 4
98 1229 0 2
1798 4193 0 2
1204 4332 0 2
142 1402 0 2
977 1538 0 2
262 494 0 2
1211 4886 0 3
2664 2666 0 2
492 2050 0 2
638 4354 0 2
1200 4553 0 2
3006 3014 0 2
3108 3109 0 2
1599 3129 0 2
3971 4099 0 2
3125 3305 0 2
3328 7135 0 3
1405 4036 0 2
3319 4995 0 3
3207 4496 0 2
3163 3626 0 2
3619 7028 0 3
3156 5023 0 5
3167 5025 0 3
3184 5026 0 3
2604 5037 0 3
1805 5056 0 3
215 5093 0 6
1013 1844 0 2
662 1576 0 2
3961 7122 0 3
1198 1422 0 2
646 841 0 2
261 848 0 2
2326 4073 0 2
298 6951 0 4
299 2096 0 2
828 5193 0 3
344 657 0 2
818 4658 0 2
355 5218 0 3
356 2889 0 2
362 430 0 2
367 862 0 2
2638 3550 0 2
2550 2554 0 2
505 1008 0 2
3763 7166 0 3
433 2328 0 2
1821 5271 0 3
443 6960 0 3
2309 5153 0 3
850 1230 0 2
3895 4699 0 3
1421 2135 0 2
2856 2858 0 2
4368 7175 0 3
2486 3714 0 2
975 1610 0 2
513 1829 0 2
630 3885 0 2
631 4395 0 2
647 840 0 2
655 950 0 2
5206 7158 0 4
2800 5427 0 6
668 2650 0 2
3883 5448 0 3
2485 2834 0 2
972 2837 0 2
683 3223 0 2
710 2573 0 2
2532 2581 0 2
800 1231 0 2
2888 4574 0 2
863 1835 0 2
1607 2131 0 2
2608 3607 0 2
2646 3707 0 2
969 2920 0 2
973 4411 0 2
2501 2507 0 2
3702 6990 0 3
988 2927 0 2
1611 2941 0 2
2939 2940 0 2
3066 5678 0 4
1002 4267 0 2
2932 2945 0 2
1019 1594 0 2
2134 5317 0 3
1411 4402 0 2
1886 3041 0 2
3051 5726 0 3
3061 7213 0 4
3047 3056 0 2
3938 5390 0 4
3696 4579 0 2
3092 3166 0 2
1406 2454 0 2
2601 4595 0 2
3093 5746 0 3
5728 7215 0 4
3044 7059 0 3
4158 5269 0 4
3489 4570 0 2
2498 2500 0 2
3149 3532 0 2
4271 5041 0 3
3279 3347 0 2
4296 5572 0 5
2640 6018 0 3
2676 3642 0 2
3486 3904 0 2
2576 3292 0 2
2559 6072 0 3
2733 2739 0 2
3320 4527 0 2
3593 4479 0 2
2439 6085 0 3
2728 2752 0 2
2766 3898 0 2
2827 3651 0 2
2446 2871 0 2
2967 2968 0 2
6108 7065 0 4
2447 2820 0 2
2825 6110 0 3
2830 4387 0 2
2982 3516 0 2
2983 3420 0 2
2978 2984 0 2
2692 2985 0 2
2969 4419 0 2
3030 3718 0 2
4001 5393 0 3
6203 6207 0 7
4672 7209 0 3
3099 3106 0 2
3145 3150 0 2
3146 7259 0 3
2101 3341 0 2
2668 4566 0 2
6259 7258 0 4
2619 3103 0 2
3220 3562 0 2
3610 6264 0 3
3021 6274 0 6
6270 6273 0 4
2999 6296 0 4
3133 3425 0 2
3131 6306 0 4
4955 7136 0 5
2989 3421 0 2
2459 2861 0 2
2572 6394 0 4
2548 2556 0 2
3644 6414 0 3
6009 6439 0 7
2840 2847 0 2
6460 7279 0 6
2514 6464 0 3
3537 6461 0 4
2517 2537 0 2
2922 2923 0 2
6529 6537 0 5
2924 4681 0 2
3450 4633 0 2
4567 6638 0 4
3408 4666 0 2
3478 3896 0 2
3456 3567 0 2
3846 6671 0 3
3509 7073 0 3
3326 6674 0 3
2792 6683 0 4
2808 6687 0 4
2823 3560 0 2
2887 3711 0 2
2489 2688 0 2
6145 6738 0 7
2473 6743 0 3
3669 7301 0 4
6747 6748 0 4
4652 6766 0 3
2463 2527 0 2
2933 3385 0 2
2758 7189 0 3
1235 4284 0 2
2451 3690 0 2
100 4389 0 2
3164 3643 0 2
217 7012 0 3
258 814 0 2
224 1236 0 2
3439 3748 0 2
2144 6959 0 4
516 3675 0 2
3577 6991 0 4
3446 3784 0 2
2753 3476 0 2
2828 3631 0 2
2524 3495 0 2
3469 3606 0 2
2518 3553 0 2
2540 3506 0 2
69 3153 0 2
3580 4101 0 2
1903 6979 0 4
14 260 0 2
101 2677 0 2
12 1407 0 2
371 1244 0 2
496 1846 0 2
1423 1904 0 2
290 664 0 2
3733 7127 0 3
2592 3576 0 2
3344 3692 0 2
2577 2584 0 2
1232 7020 0 3
6967 6968 0 4
1011 7035 0 3
853 2336 0 2
2610 3753 0 2
962 7003 0 3
995 6987 0 4
2962 3686 0 2
3507 3511 0 2
1041 4572 0 2
3038 3515 0 2
2609 3449 0 2
1241 6994 0 4
2642 4420 0 2
3735 4161 0 2
2460 3574 0 2
3677 7242 0 3
2146 3657 0 2
3230 3526 0 2
3497 7274 0 3
2582 7339 0 3
3436 3527 0 2
2491 2492 0 2
3468 7284 0 3
2125 6944 0 3
3709 7276 0 3
3687 7074 0 3
3519 3625 0 2
2901 6995 0 3
1210 3442 0 2
294 7032 0 3
3009 3629 0 2
2851 3628 0 2
659 5216 0 4
675 5443 0 3
3440 3475 0 2
3578 3698 0 2
2671 7091 0 3
1603 3680 0 2
1908 6093 0 4
3501 3685 0 2
3458 3700 0 2
3539 7371 0 3
3089 3673 0 2
3622 7006 0 3
3453 3614 0 2
3618 7021 0 4
4104 7341 0 5
2693 3455 0 2
11 220 0 2
2965 3728 0 2
1873 3079 0 2
3483 3747 0 2
3090 3609 0 2
1651 7080 0 4
377 3682 0 2
6949 7170 0 5
4 325 0 2
10 1038 0 2
17 162 0 2
790 1215 0 2
323 1874 0 2
507 4709 0 3
508 7109 0 3
225 360 0 2
357 959 0 2
156 2318 0 2
358 4720 0 6
55 1589 0 2
2440 4782 0 3
2641 4788 0 3
2649 4793 0 8
137 3119 0 2
4787 4796 0 5
3124 6981 0 3
3533 6965 0 3
4800 7412 0 5
2696 7116 0 3
4809 7409 0 8
4813 7416 0 11
4818 7115 0 9
73 4821 0 5
79 1604 0 2
88 649 0 2
96 1847 0 2
97 4851 0 6
119 140 0 2
131 4880 0 5
132 4881 0 3
133 1224 0 2
135 653 0 2
2323 7334 0 3
141 826 0 2
813 978 0 2
256 2051 0 2
637 845 0 2
2313 4891 0 3
1234 7435 0 3
2596 4894 0 3
3518 3656 0 2
2623 2627 0 2
4918 7440 0 8
4043 4092 0 2
4924 4937 0 14
3110 3114 0 2
4942 7444 0 4
4945 7445 0 10
3750 6966 0 3
3335 4963 0 6
147 2353 0 2
149 4974 0 6
2305 4975 0 3
151 506 0 2
2104 7399 0 3
4997 7138 0 6
3192 5015 0 13
3171 5032 0 6
3679 3740 0 2
3217 3482 0 2
3155 5036 0 3
1808 7430 0 3
1024 1907 0 2
180 1811 0 2
678 1601 0 2
2052 5062 0 3
193 5068 0 3
195 2154 0 2
196 514 0 2
202 5077 0 5
287 7011 0 3
1247 2114 0 2
296 1033 0 2
456 1887 0 2
645 2142 0 2
1654 7473 0 3
465 5129 0 3
266 5133 0 4
267 437 0 2
1596 5141 0 3
1600 7146 0 4
663 2062 0 2
5142 7480 0 5
2714 5144 0 4
2754 3743 0 2
286 1223 0 2
293 834 0 2
779 1205 0 2
334 1574 0 2
1901 7486 0 3
2337 3352 0 2
2325 7153 0 3
1830 2288 0 2
321 5191 0 3
1842 7397 0 3
1182 7033 0 3
343 1184 0 2
345 902 0 2
860 1273 0 2
3263 5223 0 5
5225 5226 0 5
376 3662 0 2
378 671 0 2
379 2085 0 2
1022 5176 0 3
1519 7477 0 3
2297 5273 0 3
650 1227 0 2
450 5066 0 3
452 5277 0 4
455 5065 0 3
463 5109 0 3
464 1581 0 2
467 5203 0 3
468 804 0 2
2139 2330 0 2
4729 5202 0 4
1045 7019 0 3
493 5299 0 4
2159 7172 0 3
4337 5293 0 4
3717 6985 0 3
4528 7042 0 3
2427 7452 0 3
510 2703 0 2
4769 5311 0 4
512 5313 0 3
5314 7467 0 4
523 1889 0 2
535 1029 0 2
1765 1799 0 2
2079 5341 0 3
1555 5344 0 4
2149 7476 0 5
1612 4864 0 3
634 3594 0 2
636 5412 0 6
1410 7423 0 3
654 5420 0 5
656 5421 0 6
660 5429 0 4
5430 7432 0 5
665 5111 0 3
666 5437 0 6
676 5445 0 4
2438 3555 0 2
2484 3561 0 2
3488 3734 0 2
1851 5049 0 3
3585 3663 0 2
1053 2307 0 2
1009 2765 0 2
5340 5451 0 4
4300 5449 0 3
684 3148 0 2
712 7192 0 3
1838 7510 0 4
5270 5535 0 6
1883 5384 0 4
1627 5294 0 3
5543 7513 0 5
810 1528 0 2
5555 7469 0 5
5557 7485 0 4
835 2341 0 2
837 5559 0 6
2403 5286 0 3
2530 5568 0 3
5372 7566 0 5
2881 4977 0 3
3969 5570 0 3
859 5069 0 3
1481 5583 0 4
2954 4518 0 2
881 1010 0 2
896 961 0 2
897 2061 0 2
1121 3948 0 2
923 1649 0 2
1620 5512 0 3
1325 1840 0 2
1126 2083 0 2
3423 5377 0 3
953 5647 0 3
957 1540 0 2
2895 5654 0 4
966 2653 0 2
970 2120 0 2
1591 7433 0 3
987 7052 0 4
3470 3480 0 2
3372 5462 0 4
3457 5679 0 3
2921 5683 0 4
5565 5687 0 7
1475 2130 0 2
1000 4978 0 3
1001 1384 0 2
2097 7573 0 3
1015 5706 0 3
1016 7055 0 3
1020 5545 0 5
1021 5272 0 3
1025 5712 0 4
2136 3689 0 2
5718 5725 0 4
1208 4876 0 3
3288 3870 0 2
5731 5738 0 7
1048 1848 0 2
3087 5741 0 4
3175 5745 0 3
4136 7219 0 3
3359 7221 0 4
3477 3491 0 2
4532 7600 0 6
4305 5757 0 4
5767 5768 0 6
3037 5766 0 3
3984 4878 0 3
1249 5770 0 4
4629 7421 0 6
5775 5777 0 5
5782 7621 0 11
2953 4694 0 2
5785 5786 0 5
5790 7617 0 5
2605 5796 0 4
5805 7459 0 5
5807 7627 0 8
5415 5702 0 4
3589 3676 0 2
1132 5095 0 3
5871 5872 0 4
1183 5410 0 3
1598 7495 0 3
1187 5909 0 6
1713 5701 0 5
2054 7538 0 7
1543 7484 0 3
4755 5925 0 6
5920 7049 0 5
2133 7640 0 6
5205 7634 0 5
2103 7120 0 3
5930 7193 0 4
1233 5469 0 4
2109 5931 0 3
1237 5929 0 4
1855 4860 0 3
3936 5485 0 4
5541 7558 0 5
1285 2115 0 2
5856 5963 0 5
6010 7596 0 6
1386 2743 0 2
3422 6026 0 5
1635 6031 0 4
2053 7536 0 4
5439 6035 0 6
1414 5538 0 4
4035 7585 0 3
6043 6048 0 9
5642 6050 0 4
6053 7232 0 5
5658 7198 0 4
4067 7410 0 4
4453 7665 0 5
2574 2629 0 2
4059 7667 0 3
4543 6069 0 4
1419 7018 0 4
2057 6075 0 4
7064 7236 0 4
2732 6077 0 3
6076 6082 0 4
1861 3632 0 2
2443 7315 0 3
2478 3825 0 2
6091 6096 0 5
2769 6088 0 4
5057 5912 0 4
6098 7680 0 7
2073 3818 0 2
3465 6109 0 3
2056 6122 0 8
3630 7322 0 3
6126 6128 0 8
4130 7686 0 9
1542 5831 0 6
5859 6129 0 7
3935 6143 0 5
5575 5938 0 4
1813 5977 0 4
1896 5592 0 4
3538 7251 0 3
6186 7252 0 4
3024 6189 0 3
3542 7087 0 3
2864 2981 0 2
2970 2972 0 2
6198 7699 0 8
6202 7256 0 9
1534 2690 0 2
4044 4988 0 3
2542 7583 0 3
1877 2075 0 2
6219 7058 0 5
4885 6150 0 4
1810 5836 0 7
5453 6015 0 6
6237 7408 0 10
5547 5922 0 8
2329 4852 0 3
2304 5064 0 4
3972 6243 0 3
1623 7245 0 5
3142 6250 0 3
3985 7716 0 4
6257 7717 0 9
3034 6256 0 5
3096 7066 0 3
3342 7553 0 3
6275 7719 0 10
4882 5040 0 4
6282 7265 0 7
6277 7722 0 14
6252 6293 0 5
3417 7438 0 4
3019 7268 0 5
4895 7727 0 6
4304 4887 0 3
6309 7582 0 8
6315 6316 0 5
3138 6332 0 9
3611 7270 0 3
1899 7134 0 3
6348 7696 0 6
2862 6358 0 3
5281 7067 0 5
6362 7730 0 9
6366 6369 0 8
3401 6370 0 3
4245 6385 0 5
6386 6387 0 4
1898 3473 0 2
6390 7234 0 5
3720 4308 0 2
6395 7191 0 5
2567 6401 0 7
2585 6403 0 5
1858 6419 0 6
6066 7668 0 6
3915 7737 0 4
6450 7698 0 8
6451 7752 0 8
2860 6453 0 4
3880 4038 0 2
3003 5923 0 3
3452 6998 0 3
2534 6466 0 4
2586 6472 0 5
6474 7759 0 6
3933 6457 0 4
2487 3805 0 2
2844 6487 0 4
6463 7281 0 6
2488 2845 0 2
2152 7283 0 3
6497 6498 0 9
2533 6499 0 5
7043 7044 0 4
6502 7455 0 18
5752 5974 0 9
3187 5744 0 4
3558 4400 0 2
6173 7610 0 6
6509 7618 0 6
6507 7773 0 9
7619 7777 0 13
2979 6515 0 6
1853 6157 0 8
1694 7071 0 3
2910 6531 0 3
4320 7782 0 4
2906 7057 0 5
5404 7636 0 7
6148 6546 0 7
1871 7570 0 4
5914 6560 0 10
5181 7601 0 5
5542 7692 0 7
2338 6577 0 8
1849 7154 0 3
5275 7169 0 5
6583 7195 0 4
4707 7401 0 6
2138 7543 0 5
1854 6593 0 4
1870 6595 0 3
2074 7693 0 5
2679 6604 0 6
4509 7564 0 7
3710 6614 0 3
6618 6621 0 8
6623 7802 0 9
6028 7655 0 9
3942 7704 0 4
6633 7806 0 8
6500 7769 0 7
3547 7324 0 3
2511 7362 0 3
7060 7201 0 4
4123 7629 0 5
5814 7812 0 12
3050 6664 0 12
5724 7623 0 6
2961 4605 0 2
6668 7572 0 4
2877 6996 0 3
3596 7291 0 3
2787 7034 0 4
4024 7820 0 5
2798 6681 0 3
6518 6685 0 7
7063 7670 0 9
6693 6702 0 7
3528 6978 0 3
6704 7825 0 18
2063 6708 0 3
2782 7297 0 3
2813 7702 0 3
6716 7830 0 7
6722 7828 0 8
3541 3641 0 2
4153 6734 0 4
2839 6739 0 3
5761 7615 0 7
4339 6746 0 5
2448 5972 0 5
2399 4474 0 2
5705 6761 0 5
2951 7072 0 3
4239 4266 0 2
2088 6770 0 3
6574 7843 0 5
2748 6777 0 3
6778 6780 0 5
7845 7846 0 8
2462 3659 0 2
6013 7654 0 4
2838 6673 0 3
3599 7672 0 5
6788 7849 0 10
6672 7292 0 6
6796 7673 0 8
3275 6802 0 3
6799 7850 0 5
6804 7855 0 8
2469 6776 0 6
6224 7549 0 5
6819 7651 0 8
6242 6829 0 7
3499 7095 0 3
2903 6834 0 3
6836 7863 0 6
6840 6841 0 5
2832 6847 0 6
2445 7241 0 3
2523 6849 0 4
2833 7246 0 3
2880 4498 0 2
4240 6856 0 6
2882 7568 0 4
6863 7872 0 6
6865 7598 0 5
6862 6867 0 6
6871 6873 0 9
6888 7550 0 6
6890 7671 0 6
6081 7674 0 7
3839 7188 0 3
2836 6899 0 3
6905 7878 0 9
6892 7882 0 11
6248 7715 0 7
6921 7682 0 12
6729 7870 0 4
3557 7298 0 3
6924 7873 0 8
6926 7881 0 7
2817 7838 0 6
6928 6929 0 5
2905 3587 0 2
2806 7075 0 3
6933 7893 0 6
263 7105 0 3
3559 4041 0 2
6950 7077 0 6
1240 7007 0 4
3590 7186 0 3
2755 3725 0 2
1698 7364 0 4
300 2320 0 2
145 7125 0 3
3751 4377 0 2
3635 7545 0 3
2865 7100 0 3
2157 6961 0 3
3694 7013 0 3
1046 3653 0 2
3604 7083 0 3
3693 6984 0 3
3602 7457 0 3
7312 7463 0 5
3565 7164 0 3
3498 3601 0 2
3684 3739 0 2
3552 4034 0 2
3588 7090 0 3
3616 7093 0 3
3737 7357 0 3
6962 7367 0 4
6963 7349 0 4
350 1910 0 2
1553 7008 0 3
15 2112 0 2
264 1834 0 2
7017 7118 0 6
139 7332 0 3
3487 3513 0 2
7023 7910 0 6
3668 7140 0 3
815 1245 0 2
7004 7370 0 5
997 7506 0 3
2997 3852 0 2
503 3437 0 2
1239 7431 0 4
682 3639 0 2
1582 7098 0 3
7333 7928 0 5
4355 7184 0 5
990 7386 0 5
6992 7211 0 4
3678 7218 0 3
3637 7014 0 3
7222 7376 0 6
1209 3701 0 2
1825 5980 0 3
6997 7261 0 4
3672 7269 0 5
2598 7344 0 3
3459 7285 0 6
3798 6989 0 3
1909 4619 0 2
7001 7296 0 6
7000 7955 0 8
3703 7111 0 4
7094 7102 0 4
7009 7104 0 5
60 7015 0 3
7084 7311 0 4
361 501 0 2
3800 7501 0 3
3655 7161 0 3
858 2119 0 2
3260 7027 0 3
3754 3759 0 2
3744 7320 0 3
7317 7378 0 4
3029 3719 0 2
3722 7365 0 4
3492 4653 0 2
2160 7308 0 3
4177 7500 0 3
7108 7400 0 4
1194 7403 0 4
2658 7411 0 9
3231 4805 0 5
138 1880 0 2
144 7124 0 3
1069 7128 0 3
4911 7442 0 4
7132 7133 0 4
2122 4731 0 3
5004 7454 0 10
7139 7142 0 7
5034 7986 0 9
292 5097 0 4
5099 7149 0 4
268 5101 0 5
7010 7151 0 4
255 7106 0 3
2174 7123 0 3
1220 5128 0 3
3471 3745 0 2
291 5160 0 6
5170 7490 0 8
423 7159 0 3
1527 1815 0 2
7499 7992 0 8
394 7167 0 4
821 7162 0 3
5192 7505 0 5
2140 7155 0 5
996 5276 0 3
580 7163 0 3
5304 7176 0 5
4638 5306 0 4
5260 7178 0 4
5264 7171 0 5
1560 7174 0 3
677 1012 0 2
7187 7515 0 7
5566 7182 0 4
847 7527 0 3
4265 7194 0 3
1168 1823 0 2
7518 7571 0 7
5409 7196 0 7
1192 1738 0 2
5643 7183 0 4
4721 7976 0 6
7179 7205 0 4
5682 7204 0 5
7590 8023 0 8
6972 7591 0 5
5686 7199 0 7
1004 5700 0 3
5715 7210 0 5
5716 7150 0 5
1409 7516 0 4
3091 7220 0 3
7143 7144 0 6
5033 8033 0 14
5773 7612 0 8
5774 7212 0 4
5784 7217 0 5
7224 8036 0 8
7145 7626 0 7
1052 5816 0 4
1070 7216 0 5
1102 7181 0 3
1161 7147 0 7
1214 5919 0 3
3493 6952 0 3
5284 7180 0 5
4992 7231 0 5
1997 7160 0 4
6973 6974 0 4
4550 7664 0 5
7114 7413 0 8
6062 7663 0 15
3729 7062 0 4
7239 7677 0 5
7247 7248 0 5
6115 8055 0 7
5941 7173 0 7
1860 7645 0 5
3705 6993 0 3
6192 7253 0 4
7388 7697 0 5
7207 7244 0 4
5973 7255 0 8
1863 6204 0 3
4139 5597 0 4
5098 7148 0 4
7260 7718 0 12
7263 7264 0 6
7051 7197 0 5
6268 7262 0 6
2123 3441 0 2
5043 7228 0 5
3899 7456 0 7
7726 8068 0 11
6298 7126 0 7
7190 7724 0 9
6320 8076 0 14
6322 7266 0 11
6333 7271 0 8
6334 7272 0 10
6355 7695 0 7
7250 7273 0 4
7229 7267 0 8
5883 7137 0 4
4938 7131 0 8
7130 7982 0 6
7275 7747 0 9
6396 7745 0 8
6413 7235 0 11
7748 8087 0 16
4965 7983 0 9
6424 7417 0 6
7277 7750 0 9
6429 8083 0 14
7728 8094 0 19
7733 7734 0 12
4301 7735 0 4
7225 7351 0 4
7282 7743 0 8
6467 7280 0 8
6958 7763 0 4
7765 7768 0 15
6977 7036 0 4
5507 6007 0 5
5441 7257 0 5
4125 5307 0 3
2909 7203 0 3
6541 7200 0 6
6568 7165 0 6
7156 7593 0 9
5970 7230 0 8
2457 7576 0 3
6601 7287 0 7
6605 7119 0 8
6608 7420 0 16
3464 7202 0 4
7767 7800 0 9
3435 7810 0 4
2193 7288 0 5
7226 7813 0 14
7701 8064 0 12
7289 7786 0 9
3771 7290 0 3
7700 8062 0 12
6677 7294 0 5
7295 7822 0 7
7113 7831 0 10
7185 7797 0 10
2335 6555 0 3
6740 7299 0 4
7214 7814 0 16
7206 7714 0 7
7303 7839 0 6
7286 7592 0 6
6540 7278 0 12
2040 7793 0 6
7304 7842 0 5
6775 7302 0 9
6785 7305 0 4
6800 7853 0 10
6545 7121 0 6
7300 7690 0 12
6824 7208 0 5
7243 7869 0 5
6861 8144 0 15
7054 7306 0 4
5829 7168 0 5
5529 6881 0 6
6762 6893 0 9
6901 7307 0 7
6895 7880 0 6
6911 7240 0 6
7089 7954 0 4
7110 7584 0 7
6735 7644 0 8
257 816 0 2
359 2319 0 2
2110 7608 0 3
3529 7227 0 3
7338 8071 0 4
1243 2108 0 2
4671 7309 0 3
7070 7372 0 4
1637 3664 0 2
216 7328 0 5
1026 7096 0 5
1040 7101 0 3
301 1054 0 2
163 7026 0 3
7029 7985 0 12
1850 5220 0 3
521 7989 0 5
5134 7530 0 7
5330 7047 0 4
1420 5511 0 3
861 4754 0 3
1967 7037 0 3
1650 7579 0 3
7574 7991 0 6
1228 7086 0 4
7038 8026 0 7
5722 7050 0 7
1044 5730 0 3
3094 7383 0 3
3554 7350 0 3
5789 7223 0 6
7494 7555 0 7
5713 7560 0 5
6033 8031 0 8
7061 8050 0 10
2477 7354 0 3
7238 7968 0 5
6975 7683 0 5
7040 7563 0 4
5152 7646 0 6
4223 5355 0 3
6267 7720 0 7
6287 7141 0 6
7022 7729 0 8
6359 7068 0 6
3756 7358 0 3
7025 7751 0 10
5887 7738 0 8
3454 7753 0 9
7521 7755 0 7
7609 7775 0 10
7489 7581 0 5
6970 7907 0 5
6532 7783 0 7
3681 7056 0 3
5955 7706 0 8
5586 7053 0 6
6620 7746 0 6
7811 8120 0 18
6675 7523 0 4
3597 7821 0 6
7766 7835 0 5
7616 8131 0 22
7848 8139 0 6
7293 7852 0 13
7851 7854 0 13
6822 7784 0 11
7684 7829 0 11
7874 8146 0 9
5398 7794 0 6
7534 7879 0 9
6937 7894 0 9
498 2993 0 2
1906 7819 0 4
1621 6956 0 3
3661 6980 0 3
6957 7353 0 4
3569 7327 0 3
1841 7313 0 3
295 7488 0 4
3582 7544 0 3
4331 7943 0 5
5755 7945 0 7
3523 5764 0 8
7348 7603 0 4
5797 7944 0 5
6170 7941 0 9
7589 7942 0 7
7949 8067 0 16
6324 7947 0 6
4960 7336 0 7
7740 7950 0 13
7741 7935 0 5
7439 7744 0 4
6443 7359 0 7
7801 7953 0 10
6999 7804 0 11
7352 7844 0 9
3833 7952 0 7
6826 7363 0 11
6842 7957 0 9
6167 7818 0 5
4278 7097 0 3
3522 7078 0 4
1428 2751 0 2
3536 3568 0 2
1246 2342 0 2
5002 7931 0 8
297 7310 0 3
7514 8006 0 5
7233 7666 0 7
7237 7687 0 11
7731 8069 0 13
7254 7970 0 4
2141 7967 0 3
3524 7356 0 4
6848 7867 0 6
1613 7107 0 5
1579 7329 0 3
1636 7896 0 3
7081 7909 0 4
3438 7446 0 11
221 1865 0 2
7567 7917 0 7
3444 7447 0 4
1881 2121 0 2
3500 8163 0 5
6971 7375 0 4
7085 7177 0 4
6964 7833 0 4
7922 8253 0 13
9 2143 0 2
7016 7414 0 5
7318 8024 0 9
7046 7938 0 4
6976 7369 0 4
6695 7483 0 9
7039 7974 0 5
7924 7933 0 8
7129 7434 0 4
6191 7249 0 4
6489 8101 0 11
1626 8243 0 8
7382 8164 0 5
7345 8180 0 7
2334 7903 0 4
836 7902 0 3
7005 8230 0 5
7099 8004 0 7
4708 7402 1 5
4704 7404 1 4
4710 8306 1 6
4726 7406 1 5
4801 7418 1 10
1030 7426 1 3
1476 7981 1 4
4897 4909 1 7
4920 4922 1 10
4948 7441 1 11
4951 7448 1 11
150 4976 1 3
1425 5038 1 4
183 4869 1 3
189 1779 1 2
204 5080 1 4
226 1917 1 2
259 7993 1 4
346 5211 1 3
368 6969 1 3
395 7503 1 4
5274 8003 1 7
7157 7493 1 6
7395 8228 1 4
1466 7508 1 5
5279 8329 1 9
939 5110 1 3
481 5292 1 4
500 2266 1 2
540 7529 1 3
547 7531 1 5
5343 8011 1 7
5423 7532 1 7
5345 8336 1 9
1137 7335 1 3
2308 3472 1 2
7045 7552 1 5
741 5496 1 3
5291 5536 1 6
1696 8156 1 3
5137 8002 1 5
823 5363 1 3
825 5103 1 4
5567 7152 1 4
856 5574 1 3
882 8020 1 3
891 1416 1 2
5104 7472 1 4
1434 5608 1 5
5259 7565 1 5
903 5197 1 3
7577 8353 1 7
7556 7557 1 10
5617 5618 1 7
1682 1879 1 2
5616 8178 1 5
2348 8357 1 11
1097 8012 1 3
2087 7580 1 3
5621 7539 1 7
5602 5611 1 14
1329 2282 1 2
937 1055 1 2
5052 7528 1 4
958 7453 1 4
2207 8305 1 6
2198 5651 1 5
8181 8289 1 16
5692 7346 1 8
8171 8325 1 7
5319 5717 1 5
1438 5332 1 3
5335 7471 1 6
1036 8237 1 6
7398 7464 1 5
5739 7606 1 5
7092 8037 1 7
5788 8035 1 14
7622 8186 1 17
5801 5804 1 10
7377 7611 1 6
5818 8367 1 5
2082 7428 1 4
2279 8362 1 4
4861 5628 1 4
5864 5870 1 6
1518 7561 1 6
5729 7605 1 5
2107 7429 1 3
1308 5897 1 3
5928 7507 1 5
5927 7642 1 9
7340 7460 1 6
4893 7437 1 7
7648 7932 1 5
1251 5146 1 3
1700 4994 1 3
4906 5584 1 7
1831 7331 1 3
5869 7541 1 5
5948 7497 1 5
1290 5957 1 3
5231 7512 1 6
1418 5885 1 4
5984 8400 1 5
1355 8188 1 6
1388 8019 1 8
6030 7936 1 11
2224 5960 1 4
6038 8351 1 5
7660 8049 1 7
4798 7977 1 13
7415 7948 1 6
6051 7662 1 9
6047 7661 1 13
6056 8419 1 15
6063 7653 1 10
6071 7450 1 9
1790 5950 1 4
5495 8342 1 5
6086 7678 1 10
1731 7691 1 5
1459 7575 1 3
5553 8347 1 7
4984 5552 1 6
2210 5951 1 5
6002 8041 1 9
5082 8320 1 6
6185 7694 1 6
6199 6200 1 8
6208 7504 1 6
1529 1545 1 2
6159 6215 1 6
5907 7470 1 5
6216 8066 1 7
6218 7705 1 5
6220 7586 1 4
5846 7422 1 4
1966 7424 1 3
6211 7638 1 5
5830 8436 1 4
7487 7708 1 9
5333 8376 1 5
4990 6230 1 5
5694 7594 1 4
6245 7525 1 7
1920 7533 1 4
7578 8366 1 5
5866 7461 1 5
7721 7723 1 7
6289 8454 1 11
6291 8198 1 13
1962 6292 1 5
5048 8317 1 8
5904 6209 1 12
8160 8199 1 12
6300 8075 1 14
7112 8197 1 10
6311 8042 1 7
6340 6344 1 15
6345 8269 1 9
6349 6351 1 6
5918 8084 1 9
4908 7436 1 6
8313 8468 1 16
6374 8085 1 13
6384 8470 1 24
6392 7360 1 7
5934 7749 1 8
5310 7524 1 7
6430 7732 1 7
7920 8095 1 22
7384 8248 1 8
6435 6437 1 9
6438 8203 1 13
6440 8201 1 10
5842 8097 1 9
5054 6354 1 6
8039 8098 1 11
6034 7658 1 11
8082 8200 1 10
5926 6441 1 8
6444 7641 1 10
8065 8486 1 12
6455 7756 1 6
5510 7757 1 5
6479 8490 1 12
7361 8100 1 10
5750 5967 1 10
6506 7620 1 8
6512 7614 1 10
6513 8105 1 11
7772 8493 1 19
6188 7779 1 9
1634 5325 1 4
5295 7462 1 4
2099 8175 1 4
4850 7595 1 7
5190 7492 1 8
5916 8392 1 7
3615 8209 1 8
2435 8401 1 4
5881 6535 1 8
1812 8028 1 4
6171 8108 1 11
6158 6547 1 11
5590 8350 1 5
5494 6225 1 7
5995 8410 1 10
6571 7711 1 13
5336 7937 1 8
6572 8375 1 7
6229 7709 1 12
6578 7791 1 11
6579 7996 1 12
6580 7465 1 6
8017 8176 1 5
6581 8044 1 8
5300 7517 1 6
5432 8404 1 8
6151 7562 1 7
7963 8196 1 6
1857 4725 1 5
2049 8014 1 5
5242 8520 1 8
6585 7792 1 5
5290 6586 1 7
7649 8107 1 7
5656 6238 1 10
7780 8110 1 17
6594 7537 1 14
7624 8240 1 9
5827 7526 1 6
6596 8512 1 12
6137 8211 1 10
2408 6597 1 3
8048 8413 1 8
6598 8053 1 9
7599 8109 1 9
7669 8422 1 13
5949 6426 1 11
2536 7554 1 4
6131 8113 1 9
6415 7978 1 8
7069 8213 1 8
7803 7971 1 12
6627 6629 1 17
6631 8052 1 19
6473 7760 1 11
6217 8043 1 11
7758 7808 1 10
6636 8046 1 10
6642 8119 1 11
6645 6647 1 10
6648 7588 1 11
6650 8559 1 19
7630 8214 1 20
6651 8210 1 5
6653 6655 1 8
7815 8185 1 9
7816 7817 1 6
4571 6669 1 4
6670 7631 1 8
3746 6986 1 3
6680 8215 1 10
4476 7637 1 8
6712 6720 1 12
7823 7956 1 15
7522 8183 1 6
6520 8501 1 8
5924 7639 1 10
2036 7643 1 4
6728 7491 1 5
6525 8010 1 12
6223 7713 1 8
4594 7542 1 7
1990 6737 1 3
6130 8021 1 7
6742 8130 1 8
6510 7625 1 8
7946 8218 1 28
3708 8167 1 4
5968 8057 1 11
6754 7656 1 6
6723 7837 1 7
6759 8589 1 12
6542 8135 1 18
5880 8136 1 8
6214 8581 1 5
7451 8316 1 6
5227 8348 1 6
5809 8040 1 9
6764 7834 1 6
6565 7657 1 6
6134 7468 1 10
5944 7798 1 5
5942 7799 1 7
6222 6768 1 9
6783 8138 1 15
6011 6795 1 11
7856 7921 1 9
8140 8604 1 21
7707 8137 1 9
6813 7858 1 18
4216 8537 1 7
6573 7790 1 13
7427 8141 1 11
5689 8534 1 22
7762 7770 1 8
6817 8001 1 7
5113 8576 1 6
4533 8106 1 4
5477 5697 1 5
6519 7796 1 7
5577 8609 1 10
6709 7482 1 7
5933 6539 1 7
7781 8222 1 14
7368 7861 1 10
5693 8373 1 11
5936 7689 1 9
6089 6101 1 6
4192 8189 1 9
6753 7449 1 5
5652 7407 1 8
4727 6731 1 7
6823 8621 1 11
6820 6854 1 8
7866 8145 1 21
7569 8016 1 6
6864 8123 1 8
6665 8565 1 8
5257 7875 1 8
7865 7908 1 8
6879 7876 1 22
6575 8111 1 12
5585 7860 1 14
6725 6883 1 13
6548 8225 1 11
6886 6889 1 7
7548 7877 1 8
7789 8147 1 10
6241 7712 1 10
7374 8646 1 13
6896 8514 1 16
6798 8149 1 12
6907 6908 1 16
6909 8151 1 10
6910 8152 1 13
7379 8192 1 9
6912 7355 1 5
7868 8655 1 9
6914 8587 1 15
6102 8063 1 11
6918 7884 1 13
6923 8257 1 8
8434 8658 1 19
6528 8592 1 12
6925 7891 1 8
6930 8599 1 13
7319 7918 1 5
6932 7703 1 9
7366 8153 1 7
6935 6936 1 11
8127 8667 1 17
6938 8643 1 16
6765 8155 1 14
7840 8143 1 10
8227 8668 1 20
4969 8628 1 11
8383 8584 1 25
6719 8216 1 10
7394 8168 1 6
1034 7079 1 4
7314 7396 1 7
7326 7458 1 4
2332 7959 1 6
469 7002 1 3
7520 7904 1 5
7391 7613 1 4
8274 8278 1 5
8206 8231 1 13
1916 7474 1 4
846 7316 1 5
7393 8184 1 5
7966 7972 1 5
7323 7764 1 6
7392 8272 1 8
7321 8223 1 13
3496 7390 1 3
7675 7905 1 5
7919 8060 1 7
1602 8281 1 3
7914 8412 1 14
7082 8251 1 12
7385 8205 1 9
7088 7652 1 7
820 8275 1 4
7912 8034 1 17
8158 8679 1 10
8045 8680 1 7
7117 8277 1 13
8061 8081 1 12
8015 8499 1 7
2076 2384 1 2
7380 7847 1 10
7832 7995 1 10
7546 8226 1 11
7886 7887 1 7
1891 7389 1 3
8013 8340 1 9
8266 8290 1 11
8054 8191 1 8
7387 7633 1 8
8159 8244 1 19
6337 8245 1 11
7911 8080 1 13
5455 7343 1 4
7685 7906 1 6
7826 8571 1 15
1918 3645 1 2
8232 8421 1 14
8112 8284 1 7
7973 8302 1 6
7478 7913 1 8
8234 8438 1 8
7381 8070 1 8
8311 8398 1 11
7940 8000 1 13
8521 8531 1 12
6736 8195 1 16
7862 7892 1 5
1697 2129 1 2
7628 7961 1 12
7915 8485 1 12
7337 7930 1 8
7809 8102 1 18
7347 8564 1 11
7916 8162 1 5
72 8288 1 6
7999 8331 1 5
8241 8385 1 11
8056 8259 1 11
7994 8322 1 7
8078 8079 1 19
8246 8291 1 11
8202 8280 1 14
6490 8492 1 13
8032 8103 1 7
6557 8047 1 13
8089 8542 1 20
7927 8545 1 17
8114 8548 1 16
7325 8549 1 10
8242 8430 1 14
8217 8297 1 16
7984 8594 1 9
7824 8598 1 15
6724 8129 1 7
7988 8439 1 11
7841 8283 1 7
7742 8007 1 10
8588 8627 1 15
1401 8294 1 9
7899 8415 1 10
7676 8717 1 11
8270 8472 1 10
7960 8686 1 16
7827 8292 1 27
7969 8697 1 7
7330 8677 1 8
7964 8634 1 9
8273 8728 1 11
849 8681 1 7
7926 8307 1 8
4691 7925 1 3
6988 7540 1 7
7475 8359 1 5
8254 8622 1 21
1424 8264 1 4
7939 8300 1 10
18 8157 1 3
7373 8335 1 9
7951 8482 1 9
8161 8403 1 5
7419 8276 1 15
7962 8683 1 7
8166 8324 1 8
152 8258 1 4
8296 8433 1 10
8118 8741 1 22
7958 8602 1 13
7895 8287 1 5
7479 8318 1 7
8018 8332 1 11
7496 8177 1 5
7502 8360 1 7
7405 8371 1 7
5578 8025 1 11
8029 8368 1 9
5794 8038 1 14
7632 8781 1 11
7650 8389 1 9
6059 8051 1 11
8179 8423 1 10
8265 8426 1 10
7587 7635 1 9
7511 8009 1 6
8319 8379 1 7
3069 8812 1 7
8072 8453 1 10
7987 8738 1 21
7725 8731 1 22
8397 8457 1 11
8073 8459 1 19
7929 8074 1 13
8462 8463 1 17
6325 8077 1 18
7739 8467 1 18
4912 7443 1 16
8086 8824 1 22
6346 8465 1 11
7647 8005 1 7
6447 8059 1 7
7754 8250 1 15
8099 8282 1 13
8096 8749 1 31
5862 7466 1 6
7509 7559 1 8
6570 8405 1 10
8377 8515 1 14
8207 8279 1 12
8058 8508 1 9
8235 8446 1 13
8187 8527 1 12
8505 8532 1 15
8519 8530 1 17
5179 7787 1 6
5707 8726 1 16
8699 8757 1 28
6635 7761 1 10
8252 8550 1 23
7807 8554 1 19
8121 8696 1 19
7597 7604 1 7
8568 8569 1 13
7965 8452 1 7
7997 8577 1 13
6584 7795 1 9
8578 8833 1 20
6749 7836 1 13
8027 8132 1 14
8595 8733 1 19
8580 8597 1 13
8219 8603 1 21
8008 8613 1 12
6481 8142 1 15
2197 8687 1 5
5609 8341 1 9
7547 7551 1 7
7607 8380 1 12
7864 8411 1 14
7425 8502 1 13
7679 7681 1 11
6563 7785 1 12
7859 8648 1 18
7883 8653 1 24
8267 8869 1 23
7885 8193 1 17
8150 8652 1 17
7889 8691 1 13
7857 8605 1 17
7888 8713 1 15
7871 8633 1 27
8154 8666 1 16
8182 8849 1 14
8134 8255 1 17
8133 8856 1 20
6939 7776 1 11
7710 8883 1 21
8238 8495 1 17
8126 8676 1 17
681 8236 1 4
8204 8828 1 16
8220 8229 1 17
7342 7901 1 7
7900 8125 1 7
8260 8712 1 13
146 8303 1 6
8249 8546 1 8
6367 8476 1 26
7778 8703 1 30
8637 8701 1 15
4826 8263 1 10
8339 8806 1 14
7535 8718 1 14
8247 8471 1 37
5645 8483 1 14
8555 8845 1 20
8349 8451 1 7
2090 8285 1 5
8286 8608 1 31
8224 8665 1 14
8165 8623 1 15
7736 8826 1 17
8414 8690 1 10
4730 7934 1 5
8381 8805 1 21
8326 8327 1 13
8190 8418 1 19
7980 8437 1 9
8172 8804 1 14
8464 8820 1 28
8091 8721 1 22
7771 8170 1 30
7998 8323 1 6
7979 8363 1 5
8088 8771 1 18
6397 8090 1 25
8117 8547 1 18
8116 8558 1 14
8124 8848 1 31
8173 8337 1 14
7975 8503 1 12
8710 8889 1 27
8208 8617 1 10
8489 8700 1 15
8425 8654 1 19
8659 8873 1 30
8561 8596 1 29
7897 8344 1 9
8729 8747 1 19
8093 8706 1 22
8678 8688 1 9
8261 8440 1 7
8694 8776 1 12
8416 8716 1 24
8391 8794 1 16
8268 8902 1 27
8194 8435 1 10
8536 8753 1 16
8510 8760 1 27
5986 8585 1 35
8525 8526 1 13
8399 8631 1 16
8221 8651 1 29
8271 8693 1 17
8169 8910 1 13
8295 8469 1 20
8372 8639 1 38
8714 8935 1 12
8304 8328 1 11
8212 8298 1 14
8417 8769 1 16
8719 8822 1 37
8460 8895 1 38
8466 8707 1 18
8393 8785 1 13
8620 8711 1 17
8174 8784 1 8
8256 8638 1 17
8092 8790 1 21
1429 8770 1 12
7898 7923 1 6
8649 8692 1 24
6927 8875 1 16
8672 8907 1 24
8480 8591 1 28
8395 8477 1 13
8233 8763 1 10
8407 8715 1 15
8355 8361 2 14
8310 8334 2 6
8330 8911 2 14
8408 8420 2 19
8346 8810 2 13
7990 8428 2 12
7688 8441 2 10
8442 8813 2 11
5828 8818 2 14
6339 8821 2 24
8402 8953 2 27
8314 8315 2 22
8312 8732 2 18
8478 8481 2 18
8458 8984 2 22
8382 8494 2 22
8345 8429 2 11
7602 8513 2 14
8834 8993 2 24
8030 8516 2 12
8708 8722 2 11
8500 8838 2 17
8913 8978 2 27
8448 8506 2 9
7774 8837 2 11
8352 8409 2 9
8698 8754 2 27
8115 8309 2 26
8544 8755 2 33
7498 8994 2 29
8473 8553 2 19
8552 8914 2 38
8562 8742 2 16
8321 8540 2 5
8406 8574 2 11
5620 9010 2 14
8343 8852 2 19
8839 8853 2 21
8443 8579 2 11
8444 8445 2 9
8354 8356 2 12
5498 8424 2 9
8427 8944 2 13
8450 8948 2 20
2306 8593 2 6
7659 8523 2 10
2156 7103 2 3
8583 8858 2 21
8607 8796 2 22
8364 8801 2 14
8365 8921 2 19
8614 8861 2 22
8293 8842 2 11
8601 8618 2 14
8863 8864 2 16
8518 8920 2 17
8789 8807 2 14
7481 8798 2 12
8449 8624 2 15
8832 8930 2 16
8615 8862 2 11
8582 8625 2 16
8358 8388 2 11
8338 8787 2 18
8629 8802 2 15
8370 8786 2 9
6582 8522 2 12
8590 8855 2 25
6527 8756 2 24
8573 8600 2 11
7519 8333 2 6
6850 8528 2 13
8517 8610 2 25
8619 8644 2 17
8616 9049 2 21
6751 8872 2 29
8509 8626 2 17
8656 8661 2 28
8148 8874 2 23
8642 8854 2 33
8662 8973 2 25
8640 8876 2 29
6884 8767 2 29
8396 8487 2 19
8394 9059 2 22
8563 8660 2 16
8432 8900 2 20
8491 8830 2 25
8557 8795 2 33
6755 8903 2 29
8533 8734 2 22
8308 8630 2 12
8669 8736 2 22
8378 8880 2 20
6882 8674 2 20
8803 8954 2 49
5681 9071 2 53
8635 9070 2 28
8566 8636 2 12
8122 9074 2 21
8239 8675 2 33
8906 9048 2 56
8663 8664 2 21
8684 8884 2 25
8431 8497 2 28
8104 8885 2 22
8128 8572 2 25
8570 8762 2 23
8632 8932 2 27
8657 9084 2 42
8567 9061 2 24
1047 8262 2 3
8702 8725 2 6
8759 8891 2 21
8612 8724 2 37
1051 8689 2 6
8299 8901 2 42
8695 8967 2 17
8705 8816 2 28
8645 8892 2 21
8586 8882 2 24
8390 8899 2 20
8704 9015 2 19
8743 8791 2 12
8682 8793 2 7
8817 8985 2 46
8498 8836 2 21
8507 8865 2 20
8723 9058 2 35
8868 8963 2 28
8841 8890 2 24
8475 8739 2 19
8022 9041 2 15
6726 8897 2 18
8740 8987 2 30
8479 8750 2 24
8455 8456 2 24
8685 8916 2 19
8745 8992 2 16
8474 8751 2 21
6630 8941 2 30
8504 8709 2 9
8575 8860 2 22
8752 8946 2 40
8488 8827 2 19
8641 9064 2 47
8927 9039 2 32
6885 8934 2 41
8496 9081 2 33
8918 8989 2 40
8671 8844 2 42
8301 8778 2 11
8541 8768 2 17
7788 8846 2 33
8974 9045 2 21
8850 8886 2 30
8384 8746 2 21
8730 8764 2 19
8744 8966 2 27
8788 8943 2 36
8539 9024 2 32
8727 8970 2 23
8543 8792 2 17
8720 8959 2 48
7805 8843 2 25
8758 8847 2 29
8369 9028 2 15
8800 9016 2 17
8737 8955 2 14
8748 9128 2 24
8511 8936 2 24
8829 8931 2 30
8867 9035 2 29
8647 8870 2 28
8909 8961 2 35
8888 8942 2 32
9027 9118 2 44
7890 8779 2 14
8840 8881 2 32
8957 9047 2 27
8538 8952 2 25
8866 9034 2 29
8611 8859 2 32
8898 8919 2 40
8673 9082 2 45
8878 8951 2 44
8926 9086 2 55
9073 9096 2 52
8905 9022 2 8
8971 9109 2 42
8556 8894 2 18
8940 9046 2 18
8461 8917 2 42
8831 9139 2 79
8808 8958 2 27
8814 8962 2 20
8964 9012 2 27
8766 9147 2 40
8924 9141 2 47
8783 9103 2 41
8908 8965 2 32
8947 9076 2 68
8606 8929 2 48
8484 8960 2 49
8887 9095 2 25
8933 9053 2 58
8535 8945 2 30
8772 9124 2 49
8782 8797 2 10
8447 8996 2 16
9002 9138 2 44
8896 9132 2 51
8925 9129 2 47
8774 9014 2 18
8823 8893 2 24
8939 9136 2 39
8777 9013 2 32
8835 8977 3 20
8374 8529 3 15
8922 9004 3 51
9007 9140 3 63
8995 9000 3 23
8851 8904 3 14
8981 9009 3 17
8809 9017 3 19
8387 8983 3 15
8386 9021 3 15
8982 9098 3 29
8811 8915 3 18
9011 9036 3 25
9018 9171 3 33
8999 9042 3 21
8551 9005 3 46
8761 9130 3 30
8524 9032 3 22
9025 9038 3 25
8780 8976 3 17
9050 9051 3 50
9030 9031 3 33
9001 9055 3 42
8650 9054 3 35
9060 9120 3 41
6880 8998 3 36
8560 9121 3 66
9066 9194 3 37
8799 9117 3 20
9033 9146 3 36
9008 9069 3 36
8857 9155 3 46
8879 9067 3 28
9040 9108 3 30
8928 9153 3 26
8912 8991 3 43
8670 9131 3 46
9006 9166 3 37
9077 9158 3 88
8950 9057 3 58
8819 9159 3 59
8986 8988 3 45
8871 8969 3 48
8815 8990 3 32
8825 9110 3 52
8972 9126 3 70
8979 9170 3 46
9037 9093 3 33
9105 9222 3 64
9111 9125 3 64
8980 9099 3 25
8956 9056 3 36
9019 9206 3 53
8765 9163 3 59
9068 9078 3 43
9003 9134 3 53
9020 9127 3 17
9091 9187 3 57
9101 9179 3 95
9115 9116 3 51
9062 9151 3 52
9154 9175 3 73
9119 9137 3 63
9023 9164 3 29
8938 9102 3 30
1630 9094 3 29
9092 9152 3 86
9113 9197 3 42
8877 9167 3 33
8773 9089 3 48
9063 9230 3 62
9162 9181 3 113
9168 9190 3 66
8937 9044 3 46
9144 9207 3 35
8775 9088 3 14
9145 9186 3 68
9189 9201 3 33
9148 9173 3 69
9177 9223 3 104
9029 9142 3 29
9135 9182 3 66
9185 9193 3 36
1900 9195 3 52
9184 9212 3 27
8968 9229 3 52
8997 9257 4 47
9200 9245 4 72
9202 9209 4 45
8949 9133 4 35
8975 9026 4 34
9199 9215 4 59
9114 9243 4 41
9143 9214 4 50
9104 9213 4 85
9107 9217 4 60
9218 9244 4 72
9043 9072 4 78
9204 9220 4 55
9210 9221 4 42
9192 9226 4 62
8735 9270 4 49
9203 9294 4 78
9172 9281 4 72
9123 9219 4 107
9178 9231 4 136
9180 9216 4 60
9085 9235 4 90
9225 9293 4 90
9080 9183 4 77
9112 9236 4 56
9157 9176 4 61
9122 9160 4 77
9075 9272 4 125
9156 9261 4 58
9249 9292 4 59
9052 9240 4 50
9228 9250 4 100
9287 9309 4 135
9097 9269 4 88
8923 9188 4 72
9161 9247 4 87
9065 9174 4 76
9258 9303 4 85
9252 9276 4 103
9234 9265 4 111
9239 9248 4 99
9165 9246 4 101
9083 9262 4 71
9253 9264 4 165
9237 9242 4 116
9100 9268 4 21
9267 9282 4 70
9087 9254 4 76
9274 9310 4 166
9232 9299 4 118
9198 9205 5 39
9211 9277 5 52
9260 9275 5 78
9296 9308 5 131
9208 9312 5 134
9288 9289 5 132
9280 9290 5 150
9079 9302 5 102
9090 9241 5 101
9227 9314 5 113
9278 9305 5 129
9233 9316 5 144
9150 9251 5 130
9238 9266 5 116
9297 9315 5 183
9191 9256 5 68
9106 9224 5 70
9307 9338 5 171
9196 9319 5 162
9255 9263 5 125
9279 9331 5 125
9259 9348 5 211
9284 9324 5 80
9271 9273 5 98
9283 9330 5 86
9285 9286 6 91
9149 9300 6 118
9301 9346 6 261
9327 9340 6 310
9318 9323 6 227
9317 9347 6 265
9313 9343 6 255
9295 9344 6 146
9304 9326 6 137
9169 9358 6 306
9329 9351 7 119
9291 9325 7 125
9320 9332 7 232
9321 9337 7 172
9306 9349 7 250
9311 9322 7 300
9342 9359 7 381
9354 9364 7 210
9328 9355 7 236
9341 9357 7 440
9352 9369 7 398
9345 9362 7 207
9339 9367 8 301
9298 9361 8 282
9353 9371 8 296
9356 9366 8 493
9365 9375 9 332
9335 9336 9 252
9333 9360 9 389
9334 9350 9 343
9363 9383 9 649
9368 9373 10 690
9374 9378 10 694
9370 9382 11 770
9372 9386 11 930
9379 9381 13 745
9377 9384 13 931
9385 9389 14 1435
9387 9390 14 1701
9376 9388 15 1231
9380 9391 18 1767
9393 9394 21 2998
9392 9395 26 4699
